Cohort_Country	is_summer	G1_Country	G1_Year	G2_Country	G2_Year	Cohort_Size	G1_Medals	G1_Golds	G1_Silvers	G1_Bronzes	G1_Events	G2_Medals	G2_Golds	G2_Silvers	G2_Bronzes	G2_Events	G1_Mean_Age	G1_Mean_Age_Sq	Male_Ratio	Change_Medals_Per_Athlete	Change_Medals_Per_Event	Change_Golds_Per_Athlete	Change_Golds_Per_Event	Distance
Australia	0	Yugoslavia	1984	Canada	1988	1	0	0	0	0	1	0	0	0	0	1	19.0	361.0	1.0	0.0	0.0	0.0	0.0	
Australia	0	Canada	1988	France	1992	1	0	0	0	0	1	0	0	0	0	1	23.0	529.0	1.0	0.0	0.0	0.0	0.0	
Australia	0	France	1992	Norway	1994	2	0	0	0	0	2	0	0	0	0	2	18.5	342.25	1.0	0.0	0.0	0.0	0.0	
Australia	0	Norway	1994	Japan	1998	3	0	0	0	0	3	0	0	0	0	3	22.666666666666668	513.7777777777778	0.3333333333333333	0.0	0.0	0.0	0.0	
Australia	0	Japan	1998	United States	2002	3	0	0	0	0	3	0	0	0	0	3	27.0	729.0	0.6666666666666666	0.0	0.0	0.0	0.0	
Australia	0	United States	2002	Italy	2006	3	1	1	0	0	3	1	0	0	1	3	24.333333333333332	592.1111111111111	0.0	0.0	0.0	-0.3333333333333333	-0.3333333333333333	
Australia	0	Italy	2006	Canada	2010	7	1	1	0	0	7	3	2	1	0	7	24.142857142857142	582.8775510204082	0.2857142857142857	0.2857142857142857	0.2857142857142857	0.14285714285714285	0.14285714285714285	
Australia	0	Canada	2010	Russian Federation	2014	7	3	2	1	0	7	3	0	2	1	9	23.0	529.0	0.42857142857142855	0.0	-0.09523809523809523	-0.2857142857142857	-0.2857142857142857	
Australia	0	Russian Federation	2014	Republic of Korea	2018	14	2	0	1	1	15	2	0	1	1	14	23.857142857142858	569.1632653061225	0.5714285714285714	0.0	0.009523809523809518	0.0	0.0	
Australia	1	United States	1932	Germany	1936	1	1	0	0	1	1	0	0	0	0	1	24.0	576.0	1.0	-1.0	-1.0	0.0	0.0	-3.0
Australia	1	Germany	1936	Great Britain	1948	1	0	0	0	0	1	1	0	1	0	1	26.0	676.0	1.0	1.0	1.0	0.0	0.0	-2.0
Australia	1	Great Britain	1948	Finland	1952	2	1	0	1	0	2	0	0	0	0	2	28.5	812.25	1.0	-0.5	-0.5	0.0	0.0	-1.0
Australia	1	Finland	1952	Australia	1956	3	0	0	0	0	3	0	0	0	0	3	20.0	400.0	1.0	0.0	0.0	0.0	0.0	0.0
Australia	1	Australia	1956	Italy	1960	4	0	0	0	0	10	1	0	0	1	10	27.0	729.0	1.0	0.25	0.1	0.0	0.0	1.0
Australia	1	Italy	1960	Japan	1964	5	0	0	0	0	21	0	0	0	0	21	23.0	529.0	0.8	0.0	0.0	0.0	0.0	2.0
Australia	1	Japan	1964	Mexico	1968	2	0	0	0	0	6	0	0	0	0	6	23.0	529.0	0.5	0.0	0.0	0.0	0.0	3.0
Australia	1	Mexico	1968	West Germany	1972	1	0	0	0	0	1	0	0	0	0	1	18.0	324.0	1.0	0.0	0.0	0.0	0.0	4.0
Australia	1	West Germany	1972	Canada	1976	3	0	0	0	0	9	0	0	0	0	9	23.333333333333332	544.4444444444443	1.0	0.0	0.0	0.0	0.0	5.0
Australia	1	Canada	1976	Soviet Union	1980	1	0	0	0	0	1	0	0	0	0	1	22.0	484.0	1.0	0.0	0.0	0.0	0.0	-5.0
Australia	1	Soviet Union	1980	United States	1984	3	0	0	0	0	3	0	0	0	0	3	21.666666666666668	469.4444444444445	1.0	0.0	0.0	0.0	0.0	-4.0
Australia	1	United States	1984	Republic of Korea	1988	1	0	0	0	0	1	0	0	0	0	1	21.0	441.0	1.0	0.0	0.0	0.0	0.0	-3.0
Australia	1	Republic of Korea	1988	Spain	1992	3	0	0	0	0	7	0	0	0	0	7	20.0	400.0	0.3333333333333333	0.0	0.0	0.0	0.0	-2.0
Australia	1	Spain	1992	United States	1996	6	0	0	0	0	12	0	0	0	0	12	23.0	529.0	0.8333333333333334	0.0	0.0	0.0	0.0	-1.0
Australia	1	United States	1996	Australia	2000	7	0	0	0	0	11	0	0	0	0	11	22.285714285714285	496.65306122448976	0.7142857142857143	0.0	0.0	0.0	0.0	0.0
Australia	1	Australia	2000	Greece	2004	11	2	0	1	1	25	0	0	0	0	20	22.636363636363637	512.404958677686	0.5454545454545454	-0.18181818181818182	-0.08	0.0	0.0	1.0
Australia	1	Greece	2004	People's Republic of China	2008	8	0	0	0	0	8	0	0	0	0	8	27.25	742.5625	0.625	0.0	0.0	0.0	0.0	2.0
Australia	1	People's Republic of China	2008	Great Britain	2012	6	0	0	0	0	14	0	0	0	0	11	20.666666666666668	427.11111111111114	0.3333333333333333	0.0	0.0	0.0	0.0	3.0
Australia	1	Great Britain	2012	Brazil	2016	4	0	0	0	0	5	0	0	0	0	5	23.25	540.5625	0.5	0.0	0.0	0.0	0.0	4.0
Austria	0	France	1924	Switzerland	1928	1	1	0	1	0	1	1	0	1	0	1	31.0	961.0	1.0	0.0	0.0	0.0	0.0	-7.0
Austria	0	Switzerland	1928	United States	1932	4	1	0	1	0	4	2	1	1	0	6	20.75	430.5625	0.75	0.25	0.08333333333333331	0.25	0.16666666666666666	-6.0
Austria	0	United States	1932	Germany	1936	1	1	1	0	0	1	1	1	0	0	1	23.0	529.0	1.0	0.0	0.0	0.0	0.0	-5.0
Austria	0	Germany	1936	Switzerland	1948	1	0	0	0	0	1	0	0	0	0	1	15.0	225.0	1.0	0.0	0.0	0.0	0.0	-4.0
Austria	0	Switzerland	1948	Norway	1952	1	0	0	0	0	1	1	0	1	0	1	19.0	361.0	1.0	1.0	1.0	0.0	0.0	-3.0
Austria	0	Norway	1952	Italy	1956	3	0	0	0	0	3	0	0	0	0	3	26.0	676.0	1.0	0.0	0.0	0.0	0.0	-2.0
Austria	0	Italy	1956	United States	1960	3	0	0	0	0	3	1	0	0	1	3	20.333333333333332	413.4444444444444	1.0	0.3333333333333333	0.3333333333333333	0.0	0.0	-1.0
Austria	0	United States	1960	Austria	1964	4	1	0	0	1	4	1	0	1	0	6	21.75	473.0625	0.75	0.0	-0.08333333333333334	0.0	0.0	0.0
Austria	0	Austria	1964	France	1968	5	0	0	0	0	7	2	1	0	1	7	22.8	519.84	1.0	0.4	0.2857142857142857	0.2	0.14285714285714285	1.0
Austria	0	France	1968	Japan	1972	5	1	0	1	0	7	1	1	0	0	7	22.0	484.0	0.8	0.0	0.0	0.2	0.14285714285714285	-1.0
Austria	0	Japan	1972	Austria	1976	2	0	0	0	0	4	0	0	0	0	3	24.5	600.25	1.0	0.0	0.0	0.0	0.0	0.0
Austria	0	Austria	1976	United States	1980	2	1	0	1	0	3	1	1	0	0	3	16.5	272.25	0.5	0.0	0.0	0.5	0.3333333333333333	1.0
Austria	0	United States	1980	Yugoslavia	1984	1	0	0	0	0	2	0	0	0	0	2	21.0	441.0	1.0	0.0	0.0	0.0	0.0	2.0
Austria	0	Yugoslavia	1984	Canada	1988	3	0	0	0	0	4	1	0	1	0	5	20.333333333333332	413.4444444444444	1.0	0.3333333333333333	0.2	0.0	0.0	3.0
Austria	0	Canada	1988	France	1992	6	1	0	1	0	9	3	1	0	2	9	22.0	484.0	1.0	0.3333333333333333	0.2222222222222222	0.16666666666666666	0.1111111111111111	4.0
Austria	0	France	1992	Norway	1994	1	1	0	0	1	2	0	0	0	0	2	21.0	441.0	1.0	-1.0	-0.5	0.0	0.0	5.0
Austria	0	Norway	1994	Japan	1998	5	1	0	0	1	7	0	0	0	0	6	20.8	432.64000000000004	1.0	-0.2	-0.14285714285714285	0.0	0.0	6.0
Austria	0	Japan	1998	United States	2002	8	1	0	0	1	10	2	0	0	2	14	23.125	534.765625	0.875	0.125	0.042857142857142844	0.0	0.0	7.0
Austria	0	United States	2002	Italy	2006	7	2	0	0	2	12	2	1	1	0	13	24.571428571428573	603.7551020408164	0.8571428571428571	0.0	-0.012820512820512803	0.14285714285714285	0.07692307692307693	8.0
Austria	0	Italy	2006	Canada	2010	7	4	2	2	0	12	0	0	0	0	12	25.714285714285715	661.2244897959184	0.8571428571428571	-0.5714285714285714	-0.3333333333333333	-0.2857142857142857	-0.16666666666666666	9.0
Austria	0	Canada	2010	Russian Federation	2014	6	3	0	0	3	10	0	0	0	0	10	26.833333333333332	720.0277777777777	1.0	-0.5	-0.3	0.0	0.0	10.0
Austria	0	Russian Federation	2014	Republic of Korea	2018	10	1	0	1	0	13	2	1	0	1	15	24.9	620.0099999999999	0.7	0.1	0.056410256410256404	0.1	0.06666666666666667	11.0
Austria	1	Germany	1936	Great Britain	1948	2	0	0	0	0	14	0	0	0	0	14	28.5	812.25	1.0	0.0	0.0	0.0	0.0	
Austria	1	Great Britain	1948	Finland	1952	4	0	0	0	0	23	0	0	0	0	28	23.75	564.0625	1.0	0.0	0.0	0.0	0.0	
Austria	1	Finland	1952	Australia	1956	4	0	0	0	0	10	0	0	0	0	10	22.75	517.5625	1.0	0.0	0.0	0.0	0.0	
Austria	1	Australia	1956	Italy	1960	4	0	0	0	0	10	0	0	0	0	10	26.75	715.5625	1.0	0.0	0.0	0.0	0.0	
Austria	1	Italy	1960	Japan	1964	7	0	0	0	0	13	0	0	0	0	11	22.571428571428573	509.4693877551021	0.8571428571428571	0.0	0.0	0.0	0.0	
Austria	1	Japan	1964	Mexico	1968	1	0	0	0	0	1	0	0	0	0	1	24.0	576.0	1.0	0.0	0.0	0.0	0.0	
Austria	1	Mexico	1968	West Germany	1972	1	0	0	0	0	1	0	0	0	0	1	28.0	784.0	1.0	0.0	0.0	0.0	0.0	
Austria	1	West Germany	1972	Canada	1976	2	0	0	0	0	2	0	0	0	0	2	23.0	529.0	1.0	0.0	0.0	0.0	0.0	
Austria	1	Canada	1976	Soviet Union	1980	1	0	0	0	0	1	0	0	0	0	1	22.0	484.0	1.0	0.0	0.0	0.0	0.0	
Austria	1	Soviet Union	1980	United States	1984	6	0	0	0	0	6	2	1	0	1	6	21.666666666666668	469.4444444444445	1.0	0.3333333333333333	0.3333333333333333	0.16666666666666666	0.16666666666666666	
Austria	1	United States	1984	Republic of Korea	1988	4	2	1	0	1	4	1	1	0	0	4	25.0	625.0	1.0	-0.25	-0.25	0.0	0.0	
Austria	1	United States	1996	Australia	2000	1	0	0	0	0	1	0	0	0	0	1	24.0	576.0	1.0	0.0	0.0	0.0	0.0	
Austria	1	Australia	2000	Greece	2004	1	0	0	0	0	1	0	0	0	0	1	23.0	529.0	1.0	0.0	0.0	0.0	0.0	
Austria	1	Greece	2004	People's Republic of China	2008	2	1	0	1	0	2	1	0	1	0	2	22.5	506.25	0.5	0.0	0.0	0.0	0.0	
Austria	1	People's Republic of China	2008	Great Britain	2012	3	1	0	1	0	3	0	0	0	0	3	25.666666666666668	658.7777777777778	0.3333333333333333	-0.3333333333333333	-0.3333333333333333	0.0	0.0	
Austria	1	Great Britain	2012	Brazil	2016	3	0	0	0	0	3	0	0	0	0	3	29.0	841.0	0.6666666666666666	0.0	0.0	0.0	0.0	
Belgium	0	United States	1932	Germany	1936	1	0	0	0	0	1	0	0	0	0	1	25.0	625.0	0.0	0.0	0.0	0.0	0.0	
Belgium	0	Yugoslavia	1984	Canada	1988	1	0	0	0	0	1	0	0	0	0	1	19.0	361.0	0.0	0.0	0.0	0.0	0.0	
Belgium	0	United States	2002	Italy	2006	1	0	0	0	0	1	0	0	0	0	1	20.0	400.0	1.0	0.0	0.0	0.0	0.0	
Belgium	0	Italy	2006	Canada	2010	1	0	0	0	0	1	0	0	0	0	1	24.0	576.0	1.0	0.0	0.0	0.0	0.0	
Belgium	0	Russian Federation	2014	Republic of Korea	2018	2	0	0	0	0	2	0	0	0	0	3	22.5	506.25	1.0	0.0	0.0	0.0	0.0	
Belgium	1	Belgium	1920	France	1924	4	0	0	0	0	5	0	0	0	0	4	24.0	576.0	1.0	0.0	0.0	0.0	0.0	1.0
Belgium	1	France	1924	Netherlands	1928	3	0	0	0	0	3	0	0	0	0	3	24.666666666666668	608.4444444444445	1.0	0.0	0.0	0.0	0.0	2.0
Belgium	1	Great Britain	1948	Finland	1952	2	0	0	0	0	2	0	0	0	0	3	30.0	900.0	1.0	0.0	0.0	0.0	0.0	6.0
Belgium	1	Finland	1952	Australia	1956	2	0	0	0	0	3	1	0	1	0	2	22.0	484.0	1.0	0.5	0.5	0.0	0.0	7.0
Belgium	1	Australia	1956	Italy	1960	2	1	0	1	0	2	0	0	0	0	2	26.0	676.0	1.0	-0.5	-0.5	0.0	0.0	8.0
Belgium	1	Italy	1960	Japan	1964	4	0	0	0	0	8	0	0	0	0	8	26.25	689.0625	0.75	0.0	0.0	0.0	0.0	9.0
Belgium	1	Canada	1976	Soviet Union	1980	3	0	0	0	0	4	1	1	0	0	4	22.333333333333332	498.7777777777777	1.0	0.3333333333333333	0.25	0.3333333333333333	0.25	13.0
Belgium	1	Soviet Union	1980	United States	1984	1	1	1	0	0	2	0	0	0	0	1	26.0	676.0	1.0	-1.0	-0.5	-1.0	-0.5	14.0
Belgium	1	United States	1984	Republic of Korea	1988	3	0	0	0	0	3	1	0	0	1	3	23.333333333333332	544.4444444444443	0.6666666666666666	0.3333333333333333	0.3333333333333333	0.0	0.0	15.0
Belgium	1	Republic of Korea	1988	Spain	1992	3	1	0	0	1	3	0	0	0	0	3	26.666666666666668	711.1111111111112	1.0	-0.3333333333333333	-0.3333333333333333	0.0	0.0	16.0
Belgium	1	Spain	1992	United States	1996	8	0	0	0	0	8	3	1	1	1	8	22.625	511.890625	0.5	0.375	0.375	0.125	0.125	17.0
Belgium	1	United States	1996	Australia	2000	4	4	1	1	2	4	1	0	0	1	4	24.5	600.25	0.25	-0.75	-0.75	-0.25	-0.25	18.0
Belgium	1	Australia	2000	Greece	2004	1	1	0	0	1	1	0	0	0	0	1	27.0	729.0	0.0	-1.0	-1.0	0.0	0.0	19.0
Belgium	1	Greece	2004	People's Republic of China	2008	2	1	0	0	1	2	0	0	0	0	2	26.0	676.0	0.0	-0.5	-0.5	0.0	0.0	20.0
Belgium	1	People's Republic of China	2008	Great Britain	2012	3	0	0	0	0	6	0	0	0	0	6	24.0	576.0	0.3333333333333333	0.0	0.0	0.0	0.0	21.0
Belgium	1	Great Britain	2012	Brazil	2016	4	1	0	0	1	7	1	0	0	1	5	23.5	552.25	0.5	0.0	0.05714285714285716	0.0	0.0	22.0
Brazil	0	Russian Federation	2014	Republic of Korea	2018	1	0	0	0	0	1	0	0	0	0	1	18.0	324.0	0.0	0.0	0.0	0.0	0.0	
Brazil	1	Finland	1952	Australia	1956	1	0	0	0	0	1	0	0	0	0	1	21.0	441.0	1.0	0.0	0.0	0.0	0.0	-15.0
Brazil	1	Canada	1976	Soviet Union	1980	1	0	0	0	0	1	0	0	0	0	1	20.0	400.0	1.0	0.0	0.0	0.0	0.0	-9.0
Brazil	1	Soviet Union	1980	United States	1984	3	0	0	0	0	4	2	0	0	2	3	23.0	529.0	1.0	0.6666666666666666	0.6666666666666666	0.0	0.0	-8.0
Brazil	1	United States	1984	Republic of Korea	1988	4	2	0	0	2	4	0	0	0	0	4	22.5	506.25	0.75	-0.5	-0.5	0.0	0.0	-7.0
Brazil	1	Republic of Korea	1988	Spain	1992	4	1	1	0	0	9	0	0	0	0	8	21.75	473.0625	0.75	-0.25	-0.1111111111111111	-0.25	-0.1111111111111111	-6.0
Brazil	1	Spain	1992	United States	1996	4	0	0	0	0	4	1	0	0	1	4	24.0	576.0	0.5	0.25	0.25	0.0	0.0	-5.0
Brazil	1	United States	1996	Australia	2000	3	1	0	0	1	3	0	0	0	0	3	21.333333333333332	455.1111111111111	0.6666666666666666	-0.3333333333333333	-0.3333333333333333	0.0	0.0	-4.0
Brazil	1	Australia	2000	Greece	2004	8	1	0	1	0	16	0	0	0	0	16	23.375	546.390625	0.5	-0.125	-0.0625	0.0	0.0	-3.0
Brazil	1	Greece	2004	People's Republic of China	2008	8	1	0	0	1	19	2	0	0	2	14	21.5	462.25	0.375	0.125	0.09022556390977443	0.0	0.0	-2.0
Brazil	1	People's Republic of China	2008	Great Britain	2012	14	3	0	0	3	22	2	1	0	1	21	22.071428571428573	487.14795918367355	0.5714285714285714	-0.07142857142857142	-0.04112554112554112	0.07142857142857142	0.047619047619047616	-1.0
Brazil	1	Great Britain	2012	Brazil	2016	19	6	2	0	4	27	6	2	2	2	26	24.842105263157894	617.1301939058171	0.47368421052631576	0.0	0.008547008547008572	0.0	0.0028490028490028574	0.0
Canada	0	France	1924	Switzerland	1928	1	0	0	0	0	1	0	0	0	0	1	16.0	256.0	0.0	0.0	0.0	0.0	0.0	-13.0
Canada	0	Switzerland	1928	United States	1932	3	0	0	0	0	3	1	0	0	1	3	21.0	441.0	0.6666666666666666	0.3333333333333333	0.3333333333333333	0.0	0.0	-12.0
Canada	0	United States	1932	Germany	1936	4	1	0	0	1	4	0	0	0	0	4	23.25	540.5625	0.75	-0.25	-0.25	0.0	0.0	-11.0
Canada	0	Germany	1936	Switzerland	1948	1	0	0	0	0	2	0	0	0	0	1	26.0	676.0	1.0	0.0	0.0	0.0	0.0	-10.0
Canada	0	Switzerland	1948	Norway	1952	1	0	0	0	0	1	0	0	0	0	1	18.0	324.0	0.0	0.0	0.0	0.0	0.0	-9.0
Canada	0	Norway	1952	Italy	1956	1	0	0	0	0	1	0	0	0	0	1	22.0	484.0	1.0	0.0	0.0	0.0	0.0	-8.0
Canada	0	Italy	1956	United States	1960	2	0	0	0	0	2	0	0	0	0	2	25.0	625.0	1.0	0.0	0.0	0.0	0.0	-7.0
Canada	0	United States	1960	Austria	1964	1	0	0	0	0	1	0	0	0	0	1	16.0	256.0	0.0	0.0	0.0	0.0	0.0	-6.0
Canada	0	Austria	1964	France	1968	1	0	0	0	0	2	0	0	0	0	2	25.0	625.0	1.0	0.0	0.0	0.0	0.0	-5.0
Canada	0	France	1968	Japan	1972	2	0	0	0	0	3	1	0	1	0	3	18.0	324.0	0.5	0.5	0.3333333333333333	0.0	0.0	-4.0
Canada	0	Japan	1972	Austria	1976	2	0	0	0	0	3	1	0	0	1	3	21.5	462.25	1.0	0.5	0.3333333333333333	0.0	0.0	-3.0
Canada	0	United States	1980	Yugoslavia	1984	2	0	0	0	0	4	0	0	0	0	4	17.0	289.0	1.0	0.0	0.0	0.0	0.0	-1.0
Canada	0	Yugoslavia	1984	Canada	1988	5	1	0	1	0	8	2	0	2	0	8	21.0	441.0	0.8	0.2	0.125	0.0	0.0	0.0
Canada	0	Canada	1988	France	1992	3	0	0	0	0	5	0	0	0	0	5	24.333333333333332	592.1111111111111	1.0	0.0	0.0	0.0	0.0	1.0
Canada	0	France	1992	Norway	1994	6	0	0	0	0	6	2	1	1	0	6	23.166666666666668	536.6944444444445	0.6666666666666666	0.3333333333333333	0.3333333333333333	0.16666666666666666	0.16666666666666666	2.0
Canada	0	Norway	1994	Japan	1998	5	2	1	1	0	5	1	0	1	0	5	22.4	501.75999999999993	0.8	-0.2	-0.2	-0.2	-0.2	3.0
Canada	0	Japan	1998	United States	2002	13	1	0	1	0	13	1	0	1	0	13	23.76923076923077	564.9763313609468	0.7692307692307693	0.0	0.0	0.0	0.0	-2.0
Canada	0	United States	2002	Italy	2006	6	1	0	0	1	6	1	1	0	0	6	22.166666666666668	491.36111111111114	0.5	0.0	0.0	0.16666666666666666	0.16666666666666666	-1.0
Canada	0	Italy	2006	Canada	2010	14	1	1	0	0	16	3	1	1	1	16	23.857142857142858	569.1632653061225	0.5714285714285714	0.14285714285714285	0.125	0.0	0.0	0.0
Canada	0	Canada	2010	Russian Federation	2014	7	1	1	0	0	9	3	1	2	0	9	21.571428571428573	465.32653061224494	0.7142857142857143	0.2857142857142857	0.2222222222222222	0.0	0.0	1.0
Canada	0	Russian Federation	2014	Republic of Korea	2018	24	8	2	4	2	25	7	2	2	3	29	22.666666666666668	513.7777777777778	0.5	-0.041666666666666664	-0.07862068965517241	0.0	-0.011034482758620692	2.0
Canada	1	Belgium	1920	France	1924	1	1	0	1	0	1	0	0	0	0	1	20.0	400.0	1.0	-1.0	-1.0	0.0	0.0	-11.0
Canada	1	France	1924	Netherlands	1928	2	0	0	0	0	2	2	0	1	1	2	20.5	420.25	1.0	1.0	1.0	0.0	0.0	-10.0
Canada	1	Netherlands	1928	United States	1932	3	2	0	1	1	3	1	0	1	0	3	23.0	529.0	1.0	-0.3333333333333333	-0.3333333333333333	0.0	0.0	-9.0
Canada	1	United States	1932	Germany	1936	1	0	0	0	0	1	0	0	0	0	1	27.0	729.0	1.0	0.0	0.0	0.0	0.0	-8.0
Canada	1	Finland	1952	Australia	1956	1	0	0	0	0	1	0	0	0	0	2	22.0	484.0	1.0	0.0	0.0	0.0	0.0	-5.0
Canada	1	Australia	1956	Italy	1960	2	0	0	0	0	7	0	0	0	0	6	22.0	484.0	0.5	0.0	0.0	0.0	0.0	-4.0
Canada	1	Japan	1964	Mexico	1968	2	0	0	0	0	8	0	0	0	0	8	24.5	600.25	1.0	0.0	0.0	0.0	0.0	-2.0
Canada	1	Mexico	1968	West Germany	1972	5	0	0	0	0	20	0	0	0	0	19	18.4	338.55999999999995	0.6	0.0	0.0	0.0	0.0	-1.0
Canada	1	West Germany	1972	Canada	1976	7	0	0	0	0	19	0	0	0	0	19	20.0	400.0	0.5714285714285714	0.0	0.0	0.0	0.0	0.0
Canada	1	United States	1984	Republic of Korea	1988	14	2	0	1	1	26	2	2	0	0	26	24.0	576.0	0.9285714285714286	0.0	0.0	0.14285714285714285	0.07692307692307693	3.0
Canada	1	Republic of Korea	1988	Spain	1992	9	1	0	0	1	29	0	0	0	0	29	21.22222222222222	450.3827160493827	0.7777777777777778	-0.1111111111111111	-0.034482758620689655	0.0	0.0	4.0
Canada	1	Spain	1992	United States	1996	9	1	0	0	1	15	0	0	0	0	15	23.666666666666668	560.1111111111112	0.8888888888888888	-0.1111111111111111	-0.06666666666666667	0.0	0.0	5.0
Canada	1	United States	1996	Australia	2000	7	1	0	1	0	11	1	0	1	0	11	23.285714285714285	542.2244897959183	0.7142857142857143	0.0	0.0	0.0	0.0	6.0
Canada	1	Australia	2000	Greece	2004	11	5	1	1	3	19	2	1	1	0	25	22.818181818181817	520.6694214876032	0.7272727272727273	-0.2727272727272727	-0.18315789473684208	0.0	-0.012631578947368417	7.0
Canada	1	Greece	2004	People's Republic of China	2008	9	3	1	2	0	30	2	0	1	1	26	23.77777777777778	565.3827160493828	0.6666666666666666	-0.1111111111111111	-0.023076923076923078	-0.1111111111111111	-0.03333333333333333	8.0
Canada	1	People's Republic of China	2008	Great Britain	2012	13	5	1	3	1	18	3	1	1	1	13	24.846153846153847	617.3313609467456	0.5384615384615384	-0.15384615384615385	-0.04700854700854701	0.0	0.021367521367521375	9.0
Canada	1	Great Britain	2012	Brazil	2016	8	2	1	0	1	11	1	1	0	0	14	22.875	523.265625	0.5	-0.125	-0.1103896103896104	0.0	-0.019480519480519487	10.0
Finland	0	Switzerland	1928	United States	1932	1	0	0	0	0	1	0	0	0	0	1	24.0	576.0	1.0	0.0	0.0	0.0	0.0	
Finland	0	United States	1932	Germany	1936	1	0	0	0	0	1	0	0	0	0	1	28.0	784.0	1.0	0.0	0.0	0.0	0.0	
Finland	0	Switzerland	1948	Norway	1952	1	1	1	0	0	1	1	0	1	0	1	22.0	484.0	1.0	0.0	0.0	-1.0	-1.0	
Finland	0	Norway	1952	Italy	1956	4	0	0	0	0	4	1	1	0	0	4	22.75	517.5625	1.0	0.25	0.25	0.25	0.25	
Finland	0	Italy	1956	United States	1960	2	0	0	0	0	2	0	0	0	0	2	25.5	650.25	1.0	0.0	0.0	0.0	0.0	
Finland	0	United States	1960	Austria	1964	3	1	0	1	0	3	2	1	1	0	6	20.666666666666668	427.11111111111114	1.0	0.3333333333333333	0.0	0.3333333333333333	0.16666666666666666	
Finland	0	Austria	1964	France	1968	3	2	1	1	0	4	0	0	0	0	4	23.333333333333332	544.4444444444443	1.0	-0.6666666666666666	-0.5	-0.3333333333333333	-0.25	
Finland	0	Japan	1972	Austria	1976	4	1	0	1	0	7	0	0	0	0	6	22.0	484.0	1.0	-0.25	-0.14285714285714285	0.0	0.0	
Finland	0	Austria	1976	United States	1980	4	0	0	0	0	6	1	1	0	0	5	24.25	588.0625	1.0	0.25	0.2	0.25	0.2	
Finland	0	United States	1980	Yugoslavia	1984	4	2	0	1	1	6	2	0	1	1	6	25.25	637.5625	1.0	0.0	0.0	0.0	0.0	
Finland	0	Yugoslavia	1984	Canada	1988	3	4	1	1	2	5	2	2	0	0	5	22.333333333333332	498.7777777777777	1.0	-0.6666666666666666	-0.4	0.3333333333333333	0.2	
Finland	0	Canada	1988	France	1992	3	0	0	0	0	4	0	0	0	0	5	20.0	400.0	1.0	0.0	0.0	0.0	0.0	
Finland	0	France	1992	Norway	1994	4	0	0	0	0	5	0	0	0	0	5	20.75	430.5625	0.75	0.0	0.0	0.0	0.0	
Finland	0	Norway	1994	Japan	1998	8	0	0	0	0	11	3	1	2	0	11	20.625	425.390625	0.875	0.375	0.2727272727272727	0.125	0.09090909090909091	
Finland	0	Japan	1998	United States	2002	7	3	0	2	1	8	3	3	0	0	10	22.0	484.0	0.7142857142857143	0.0	-0.07500000000000001	0.42857142857142855	0.3	
Finland	0	United States	2002	Italy	2006	10	3	1	1	1	14	3	0	2	1	14	23.7	561.6899999999999	1.0	0.0	0.0	-0.1	-0.07142857142857142	
Finland	0	Italy	2006	Canada	2010	11	3	0	2	1	16	0	0	0	0	17	23.272727272727273	541.6198347107438	0.9090909090909091	-0.2727272727272727	-0.1875	0.0	0.0	
Finland	0	Canada	2010	Russian Federation	2014	7	1	0	1	0	10	0	0	0	0	12	23.714285714285715	562.3673469387755	1.0	-0.14285714285714285	-0.1	0.0	0.0	
Finland	0	Russian Federation	2014	Republic of Korea	2018	11	1	0	1	0	16	1	0	0	1	17	24.0	576.0	0.8181818181818182	0.0	-0.003676470588235295	0.0	0.0	
Finland	1	Great Britain	1908	Sweden	1912	1	1	0	1	0	1	1	1	0	0	1	26.0	676.0	1.0	0.0	0.0	1.0	1.0	-7.0
Finland	1	Sweden	1912	Belgium	1920	6	1	1	0	0	6	2	2	0	0	6	25.833333333333332	667.3611111111111	1.0	0.16666666666666666	0.16666666666666666	0.16666666666666666	0.16666666666666666	-6.0
Finland	1	Belgium	1920	France	1924	8	5	3	2	0	8	6	2	4	0	8	29.25	855.5625	1.0	0.125	0.125	-0.125	-0.125	-5.0
Finland	1	France	1924	Netherlands	1928	12	10	2	5	3	19	7	2	2	3	17	26.333333333333332	693.4444444444443	1.0	-0.25	-0.11455108359133126	0.0	0.012383900928792574	-4.0
Finland	1	Netherlands	1928	United States	1932	7	5	1	1	3	22	6	1	2	3	18	25.857142857142858	668.5918367346939	1.0	0.14285714285714285	0.10606060606060605	0.0	0.010101010101010097	-3.0
Finland	1	United States	1932	Germany	1936	13	10	2	2	6	31	4	2	1	1	43	25.615384615384617	656.1479289940829	1.0	-0.46153846153846156	-0.22955738934733683	0.0	-0.01800450112528132	-2.0
Finland	1	Germany	1936	Great Britain	1948	3	1	1	0	0	21	1	1	0	0	21	24.666666666666668	608.4444444444445	1.0	0.0	0.0	0.0	0.0	-1.0
Finland	1	Great Britain	1948	Finland	1952	11	6	3	2	1	35	2	1	0	1	35	29.272727272727273	856.8925619834711	1.0	-0.36363636363636365	-0.1142857142857143	-0.18181818181818182	-0.05714285714285715	0.0
Finland	1	Finland	1952	Australia	1956	9	2	1	0	1	21	3	1	0	2	23	23.444444444444443	549.6419753086419	1.0	0.1111111111111111	0.035196687370600416	0.0	-0.0041407867494824	1.0
Finland	1	Australia	1956	Italy	1960	8	3	2	0	1	22	0	0	0	0	20	23.0	529.0	1.0	-0.375	-0.13636363636363635	-0.25	-0.09090909090909091	2.0
Finland	1	Italy	1960	Japan	1964	11	2	1	0	1	39	0	0	0	0	39	23.727272727272727	562.9834710743802	0.9090909090909091	-0.18181818181818182	-0.05128205128205128	-0.09090909090909091	-0.02564102564102564	3.0
Finland	1	Japan	1964	Mexico	1968	5	1	0	0	1	17	1	0	1	0	17	21.6	466.56000000000006	1.0	0.0	0.0	0.0	0.0	4.0
Finland	1	Mexico	1968	West Germany	1972	5	0	0	0	0	11	1	0	0	1	11	23.6	556.96	1.0	0.2	0.09090909090909091	0.0	0.0	5.0
Finland	1	West Germany	1972	Canada	1976	1	0	0	0	0	1	1	1	0	0	1	22.0	484.0	1.0	1.0	1.0	1.0	1.0	6.0
Finland	1	Canada	1976	Soviet Union	1980	5	1	1	0	0	6	1	0	0	1	5	23.8	566.44	1.0	0.0	0.033333333333333354	-0.2	-0.16666666666666666	7.0
Finland	1	Soviet Union	1980	United States	1984	5	0	0	0	0	5	1	0	1	0	5	21.8	475.24	1.0	0.2	0.2	0.0	0.0	8.0
Finland	1	United States	1984	Republic of Korea	1988	8	4	1	1	2	8	1	0	0	1	8	23.5	552.25	1.0	-0.375	-0.375	-0.125	-0.125	9.0
Finland	1	Republic of Korea	1988	Spain	1992	6	1	0	1	0	6	0	0	0	0	6	23.833333333333332	568.0277777777777	1.0	-0.16666666666666666	-0.16666666666666666	0.0	0.0	10.0
Finland	1	Spain	1992	United States	1996	3	0	0	0	0	3	0	0	0	0	3	24.666666666666668	608.4444444444445	1.0	0.0	0.0	0.0	0.0	11.0
Finland	1	United States	1996	Australia	2000	2	1	0	1	0	2	1	0	0	1	2	24.5	600.25	1.0	0.0	0.0	0.0	0.0	12.0
Finland	1	Australia	2000	Greece	2004	1	1	0	0	1	1	1	0	1	0	1	27.0	729.0	1.0	0.0	0.0	0.0	0.0	13.0
Finland	1	People's Republic of China	2008	Great Britain	2012	2	0	0	0	0	2	0	0	0	0	2	26.0	676.0	0.5	0.0	0.0	0.0	0.0	15.0
Finland	1	Great Britain	2012	Brazil	2016	2	0	0	0	0	2	0	0	0	0	2	27.0	729.0	0.5	0.0	0.0	0.0	0.0	16.0
France	0	France	1924	Switzerland	1928	4	0	0	0	0	6	0	0	0	0	6	24.25	588.0625	0.75	0.0	0.0	0.0	0.0	1.0
France	0	Switzerland	1948	Norway	1952	1	0	0	0	0	1	1	0	0	1	1	18.0	324.0	0.0	1.0	1.0	0.0	0.0	-4.0
France	0	Norway	1952	Italy	1956	3	0	0	0	0	3	0	0	0	0	3	20.666666666666668	427.11111111111114	1.0	0.0	0.0	0.0	0.0	-3.0
France	0	Italy	1956	United States	1960	3	0	0	0	0	3	0	0	0	0	3	17.666666666666668	312.11111111111114	1.0	0.0	0.0	0.0	0.0	-2.0
France	0	United States	1960	Austria	1964	2	0	0	0	0	2	1	0	1	0	2	19.5	380.25	0.5	0.5	0.5	0.0	0.0	-1.0
France	0	Austria	1964	France	1968	1	0	0	0	0	1	0	0	0	0	1	17.0	289.0	1.0	0.0	0.0	0.0	0.0	0.0
France	0	France	1968	Japan	1972	4	1	0	0	1	6	1	0	0	1	6	21.25	451.5625	1.0	0.0	0.0	0.0	0.0	1.0
France	0	Japan	1972	Austria	1976	1	0	0	0	0	2	0	0	0	0	1	22.0	484.0	1.0	0.0	0.0	0.0	0.0	2.0
France	0	Austria	1976	United States	1980	1	0	0	0	0	1	0	0	0	0	1	16.0	256.0	1.0	0.0	0.0	0.0	0.0	3.0
France	0	United States	1980	Yugoslavia	1984	2	0	0	0	0	3	0	0	0	0	3	21.0	441.0	1.0	0.0	0.0	0.0	0.0	-2.0
France	0	Yugoslavia	1984	Canada	1988	1	0	0	0	0	1	0	0	0	0	1	17.0	289.0	0.0	0.0	0.0	0.0	0.0	-1.0
France	0	Canada	1988	France	1992	4	0	0	0	0	5	1	1	0	0	5	19.0	361.0	1.0	0.25	0.2	0.25	0.2	0.0
France	0	France	1992	Norway	1994	12	4	2	2	0	15	1	0	0	1	15	22.166666666666668	491.36111111111114	0.6666666666666666	-0.25	-0.2	-0.16666666666666666	-0.13333333333333333	1.0
France	0	Norway	1994	Japan	1998	9	1	0	0	1	10	2	0	1	1	10	22.0	484.0	0.6666666666666666	0.1111111111111111	0.1	0.0	0.0	2.0
France	0	Japan	1998	United States	2002	7	0	0	0	0	8	1	0	1	0	10	20.714285714285715	429.08163265306126	0.5714285714285714	0.14285714285714285	0.1	0.0	0.0	3.0
France	0	United States	2002	Italy	2006	6	1	0	1	0	8	1	0	0	1	8	23.0	529.0	0.6666666666666666	0.0	0.0	0.0	0.0	4.0
France	0	Italy	2006	Canada	2010	8	0	0	0	0	9	1	1	0	0	10	21.125	446.265625	0.875	0.125	0.1	0.125	0.1	5.0
France	0	Canada	2010	Russian Federation	2014	10	1	1	0	0	13	0	0	0	0	14	23.2	538.24	0.8	-0.1	-0.07692307692307693	-0.1	-0.07692307692307693	6.0
France	0	Russian Federation	2014	Republic of Korea	2018	16	2	0	1	1	19	2	1	1	0	19	23.3125	543.47265625	0.5	0.0	0.0	0.0625	0.05263157894736842	7.0
France	1	Great Britain	1908	Sweden	1912	3	1	0	0	1	3	1	0	1	0	3	23.0	529.0	1.0	0.0	0.0	0.0	0.0	-2.0
France	1	Sweden	1912	Belgium	1920	2	0	0	0	0	2	1	0	1	0	2	22.5	506.25	1.0	0.5	0.5	0.0	0.0	-1.0
France	1	Belgium	1920	France	1924	3	1	0	0	1	3	1	0	1	0	11	28.333333333333332	802.7777777777777	1.0	0.0	-0.2424242424242424	0.0	0.0	0.0
France	1	France	1924	Netherlands	1928	7	2	0	1	1	15	1	0	0	1	12	23.285714285714285	542.2244897959183	1.0	-0.14285714285714285	-0.05	0.0	0.0	1.0
France	1	Netherlands	1928	United States	1932	2	1	0	1	0	2	1	1	0	0	3	25.5	650.25	1.0	0.0	-0.16666666666666669	0.5	0.3333333333333333	2.0
France	1	United States	1932	Germany	1936	4	0	0	0	0	5	2	2	0	0	4	23.25	540.5625	1.0	0.5	0.5	0.5	0.5	3.0
France	1	Germany	1936	Great Britain	1948	2	0	0	0	0	14	0	0	0	0	14	23.5	552.25	1.0	0.0	0.0	0.0	0.0	4.0
France	1	Great Britain	1948	Finland	1952	10	1	0	0	1	34	0	0	0	0	34	26.4	696.9599999999999	1.0	-0.1	-0.029411764705882353	0.0	0.0	5.0
France	1	Finland	1952	Australia	1956	4	0	0	0	0	22	0	0	0	0	23	24.25	588.0625	1.0	0.0	0.0	0.0	0.0	6.0
France	1	Australia	1956	Italy	1960	5	0	0	0	0	18	0	0	0	0	19	25.4	645.16	0.6	0.0	0.0	0.0	0.0	7.0
France	1	Italy	1960	Japan	1964	5	1	0	0	1	11	0	0	0	0	11	23.2	538.24	1.0	-0.2	-0.09090909090909091	0.0	0.0	8.0
France	1	Japan	1964	Mexico	1968	4	0	0	0	0	24	0	0	0	0	24	20.75	430.5625	0.5	0.0	0.0	0.0	0.0	9.0
France	1	Mexico	1968	West Germany	1972	5	2	0	2	0	22	0	0	0	0	22	23.6	556.96	0.8	-0.4	-0.09090909090909091	0.0	0.0	10.0
France	1	West Germany	1972	Canada	1976	8	1	0	0	1	20	2	0	0	2	20	22.5	506.25	0.875	0.125	0.05	0.0	0.0	11.0
France	1	Canada	1976	Soviet Union	1980	6	1	0	0	1	25	0	0	0	0	24	22.5	506.25	1.0	-0.16666666666666666	-0.04	0.0	0.0	12.0
France	1	Soviet Union	1980	United States	1984	3	2	1	1	0	16	1	0	1	0	15	23.666666666666668	560.1111111111112	1.0	-0.3333333333333333	-0.058333333333333334	-0.3333333333333333	-0.0625	13.0
France	1	United States	1984	Republic of Korea	1988	10	1	0	0	1	10	1	1	0	0	10	23.7	561.6899999999999	0.9	0.0	0.0	0.1	0.1	14.0
France	1	Republic of Korea	1988	Spain	1992	11	1	0	0	1	15	1	0	1	0	15	22.727272727272727	516.5289256198347	0.7272727272727273	0.0	0.0	0.0	0.0	15.0
France	1	Spain	1992	United States	1996	6	2	1	0	1	18	3	1	1	1	18	23.166666666666668	536.6944444444445	0.8333333333333334	0.16666666666666666	0.05555555555555555	0.0	0.0	16.0
France	1	United States	1996	Australia	2000	12	5	2	1	2	25	4	1	2	1	18	23.25	540.5625	0.5833333333333334	-0.08333333333333333	0.0222222222222222	-0.08333333333333333	-0.02444444444444445	17.0
France	1	Australia	2000	Greece	2004	12	5	0	2	3	29	3	0	2	1	27	23.333333333333332	544.4444444444443	0.75	-0.16666666666666666	-0.06130268199233718	0.0	0.0	18.0
France	1	Greece	2004	People's Republic of China	2008	17	3	0	2	1	37	6	0	3	3	32	24.88235294117647	619.1314878892733	0.6470588235294118	0.17647058823529413	0.10641891891891891	0.0	0.0	19.0
France	1	People's Republic of China	2008	Great Britain	2012	12	5	1	1	3	19	5	2	0	3	16	24.75	612.5625	0.75	0.0	0.04934210526315791	0.08333333333333333	0.07236842105263158	20.0
France	1	Great Britain	2012	Brazil	2016	9	5	1	0	4	14	3	2	1	0	11	23.444444444444443	549.6419753086419	0.3333333333333333	-0.2222222222222222	-0.08441558441558444	0.1111111111111111	0.1103896103896104	21.0
Germany	0	United States	1932	Germany	1936	1	0	0	0	0	1	1	0	1	0	1	27.0	729.0	1.0	1.0	1.0	0.0	0.0	0.0
Germany	0	Norway	1952	Italy	1956	3	0	0	0	0	3	0	0	0	0	3	25.333333333333332	641.7777777777777	1.0	0.0	0.0	0.0	0.0	3.0
Germany	0	Italy	1956	United States	1960	3	0	0	0	0	3	0	0	0	0	3	22.0	484.0	1.0	0.0	0.0	0.0	0.0	4.0
Germany	0	United States	1960	Austria	1964	5	2	2	0	0	5	2	1	0	1	6	22.8	519.84	1.0	0.0	-0.06666666666666671	-0.2	-0.23333333333333336	5.0
Germany	0	France	1992	Norway	1994	7	0	0	0	0	9	2	1	0	1	10	25.714285714285715	661.2244897959184	0.7142857142857143	0.2857142857142857	0.2	0.14285714285714285	0.1	13.0
Germany	0	Norway	1994	Japan	1998	3	1	0	0	1	4	1	0	1	0	5	26.0	676.0	0.6666666666666666	0.0	-0.04999999999999999	0.0	0.0	14.0
Germany	0	Japan	1998	United States	2002	6	1	1	0	0	8	2	0	2	0	9	23.5	552.25	0.6666666666666666	0.16666666666666666	0.09722222222222221	-0.16666666666666666	-0.125	15.0
Germany	0	United States	2002	Italy	2006	8	1	0	1	0	12	2	1	0	1	13	24.0	576.0	1.0	0.125	0.07051282051282053	0.125	0.07692307692307693	16.0
Germany	0	Italy	2006	Canada	2010	7	2	1	0	1	11	0	0	0	0	11	26.142857142857142	683.4489795918367	1.0	-0.2857142857142857	-0.18181818181818182	-0.14285714285714285	-0.09090909090909091	17.0
Germany	0	Canada	2010	Russian Federation	2014	5	0	0	0	0	8	1	1	0	0	7	23.0	529.0	1.0	0.2	0.14285714285714285	0.2	0.14285714285714285	18.0
Germany	0	Russian Federation	2014	Republic of Korea	2018	9	3	2	0	1	14	7	3	3	1	14	21.555555555555557	464.64197530864203	0.6666666666666666	0.4444444444444444	0.2857142857142857	0.1111111111111111	0.07142857142857142	19.0
Germany	1	Greece	1896	France	1900	2	0	0	0	0	9	0	0	0	0	2	21.0	441.0	1.0	0.0	0.0	0.0	0.0	-8.0
Germany	1	France	1900	United States	1904	1	0	0	0	0	1	0	0	0	0	3	22.0	484.0	1.0	0.0	0.0	0.0	0.0	-7.0
Germany	1	United States	1904	Great Britain	1908	1	2	0	1	1	3	0	0	0	0	1	24.0	576.0	1.0	-2.0	-0.6666666666666666	0.0	0.0	-6.0
Germany	1	Netherlands	1928	United States	1932	3	2	0	1	1	3	2	0	1	1	3	24.666666666666668	608.4444444444445	1.0	0.0	0.0	0.0	0.0	-1.0
Germany	1	United States	1932	Germany	1936	4	3	1	2	0	4	2	0	1	1	4	23.5	552.25	1.0	-0.25	-0.25	-0.25	-0.25	0.0
Germany	1	Finland	1952	Australia	1956	8	1	0	1	0	38	1	1	0	0	38	27.625	763.140625	1.0	0.0	0.0	0.125	0.02631578947368421	3.0
Germany	1	Australia	1956	Italy	1960	2	1	0	1	0	3	2	1	1	0	3	22.5	506.25	1.0	0.5	0.3333333333333333	0.5	0.3333333333333333	4.0
Germany	1	Italy	1960	Japan	1964	12	3	1	2	0	45	2	0	0	2	45	23.0	529.0	0.8333333333333334	-0.08333333333333333	-0.02222222222222222	-0.08333333333333333	-0.022222222222222223	5.0
Germany	1	Spain	1992	United States	1996	15	8	1	3	4	31	5	2	1	2	31	23.333333333333332	544.4444444444443	0.9333333333333333	-0.2	-0.0967741935483871	0.06666666666666667	0.03225806451612903	13.0
Germany	1	United States	1996	Australia	2000	15	5	1	1	3	30	0	0	0	0	30	26.533333333333335	704.0177777777778	0.9333333333333333	-0.3333333333333333	-0.16666666666666666	-0.06666666666666667	-0.03333333333333333	14.0
Germany	1	Australia	2000	Greece	2004	8	1	0	0	1	13	1	1	0	0	14	24.5	600.25	0.625	0.0	-0.005494505494505503	0.125	0.07142857142857142	15.0
Germany	1	Greece	2004	People's Republic of China	2008	15	5	2	0	3	29	2	0	1	1	28	25.266666666666666	638.4044444444444	0.6	-0.2	-0.10098522167487686	-0.13333333333333333	-0.06896551724137931	16.0
Germany	1	People's Republic of China	2008	Great Britain	2012	13	3	1	1	1	32	6	0	4	2	29	25.307692307692307	640.4792899408284	0.46153846153846156	0.23076923076923078	0.11314655172413793	-0.07692307692307693	-0.03125	17.0
Germany	1	Great Britain	2012	Brazil	2016	10	3	0	3	0	26	1	1	0	0	25	23.3	542.89	0.6	-0.2	-0.07538461538461538	0.1	0.04	18.0
Great Britain	0	France	1924	Switzerland	1928	2	0	0	0	0	2	0	0	0	0	2	22.5	506.25	0.5	0.0	0.0	0.0	0.0	
Great Britain	0	United States	1932	Germany	1936	2	0	0	0	0	2	1	0	1	0	2	18.5	342.25	0.0	0.5	0.5	0.0	0.0	
Great Britain	0	Germany	1936	Switzerland	1948	1	0	0	0	0	1	0	0	0	0	1	19.0	361.0	1.0	0.0	0.0	0.0	0.0	
Great Britain	0	Switzerland	1948	Norway	1952	1	1	0	0	1	1	1	1	0	0	1	18.0	324.0	0.0	0.0	0.0	1.0	1.0	
Great Britain	0	Austria	1964	France	1968	1	0	0	0	0	1	0	0	0	0	1	19.0	361.0	0.0	0.0	0.0	0.0	0.0	
Great Britain	0	France	1968	Japan	1972	1	0	0	0	0	1	0	0	0	0	1	19.0	361.0	1.0	0.0	0.0	0.0	0.0	
Great Britain	0	Japan	1972	Austria	1976	1	0	0	0	0	1	1	1	0	0	1	23.0	529.0	1.0	1.0	1.0	1.0	1.0	
Great Britain	0	Austria	1976	United States	1980	2	0	0	0	0	2	1	1	0	0	2	18.0	324.0	0.5	0.5	0.5	0.5	0.5	
Great Britain	0	Yugoslavia	1984	Canada	1988	1	0	0	0	0	1	0	0	0	0	1	19.0	361.0	1.0	0.0	0.0	0.0	0.0	
Great Britain	0	Canada	1988	France	1992	1	0	0	0	0	1	0	0	0	0	1	17.0	289.0	0.0	0.0	0.0	0.0	0.0	
Great Britain	0	France	1992	Norway	1994	3	0	0	0	0	3	0	0	0	0	3	25.666666666666668	658.7777777777778	0.6666666666666666	0.0	0.0	0.0	0.0	
Great Britain	0	Norway	1994	Japan	1998	1	0	0	0	0	1	0	0	0	0	1	22.0	484.0	1.0	0.0	0.0	0.0	0.0	
Great Britain	0	Japan	1998	United States	2002	1	0	0	0	0	1	0	0	0	0	1	26.0	676.0	1.0	0.0	0.0	0.0	0.0	
Great Britain	0	United States	2002	Italy	2006	1	0	0	0	0	1	0	0	0	0	1	28.0	784.0	0.0	0.0	0.0	0.0	0.0	
Great Britain	0	Italy	2006	Canada	2010	1	0	0	0	0	1	0	0	0	0	1	32.0	1024.0	0.0	0.0	0.0	0.0	0.0	
Great Britain	0	Canada	2010	Russian Federation	2014	2	0	0	0	0	2	0	0	0	0	2	23.0	529.0	0.5	0.0	0.0	0.0	0.0	
Great Britain	0	Russian Federation	2014	Republic of Korea	2018	6	0	0	0	0	6	1	0	0	1	9	22.5	506.25	0.6666666666666666	0.16666666666666666	0.1111111111111111	0.0	0.0	
Great Britain	1	Great Britain	1908	Sweden	1912	8	2	1	0	1	12	0	0	0	0	8	24.375	594.140625	1.0	-0.25	-0.16666666666666666	-0.125	-0.08333333333333333	1.0
Great Britain	1	Sweden	1912	Belgium	1920	5	1	0	0	1	5	0	0	0	0	5	23.6	556.96	0.8	-0.2	-0.2	0.0	0.0	2.0
Great Britain	1	Belgium	1920	France	1924	10	2	1	1	0	10	3	1	0	2	10	28.9	835.2099999999999	0.8	0.1	0.09999999999999998	0.0	0.0	3.0
Great Britain	1	France	1924	Netherlands	1928	8	0	0	0	0	22	0	0	0	0	16	27.125	735.765625	1.0	0.0	0.0	0.0	0.0	-3.0
Great Britain	1	Germany	1936	Great Britain	1948	1	0	0	0	0	1	0	0	0	0	1	19.0	361.0	1.0	0.0	0.0	0.0	0.0	0.0
Great Britain	1	Great Britain	1948	Finland	1952	8	0	0	0	0	26	1	0	0	1	26	24.375	594.140625	1.0	0.125	0.038461538461538464	0.0	0.0	1.0
Great Britain	1	Finland	1952	Australia	1956	5	1	0	0	1	15	1	0	1	0	15	27.4	750.7599999999999	0.8	0.0	0.0	0.0	0.0	2.0
Great Britain	1	Australia	1956	Italy	1960	3	1	1	0	0	9	1	0	0	1	9	26.666666666666668	711.1111111111112	1.0	0.0	0.0	-0.3333333333333333	-0.1111111111111111	3.0
Great Britain	1	Italy	1960	Japan	1964	6	1	0	0	1	18	0	0	0	0	18	24.5	600.25	1.0	-0.16666666666666666	-0.05555555555555555	0.0	0.0	4.0
Great Britain	1	Mexico	1968	West Germany	1972	3	0	0	0	0	9	0	0	0	0	9	24.333333333333332	592.1111111111111	1.0	0.0	0.0	0.0	0.0	6.0
Great Britain	1	West Germany	1972	Canada	1976	8	2	0	1	1	12	2	0	1	1	13	23.125	534.765625	0.875	0.0	-0.012820512820512803	0.0	0.0	7.0
Great Britain	1	Canada	1976	Soviet Union	1980	4	0	0	0	0	14	0	0	0	0	14	23.5	552.25	0.75	0.0	0.0	0.0	0.0	8.0
Great Britain	1	Soviet Union	1980	United States	1984	7	1	0	1	0	19	1	0	1	0	19	21.285714285714285	453.0816326530612	1.0	0.0	0.0	0.0	0.0	-7.0
Great Britain	1	United States	1984	Republic of Korea	1988	10	4	0	1	3	22	0	0	0	0	22	23.5	552.25	1.0	-0.4	-0.18181818181818182	0.0	0.0	-6.0
Great Britain	1	Republic of Korea	1988	Spain	1992	3	0	0	0	0	9	0	0	0	0	9	27.333333333333332	747.1111111111111	1.0	0.0	0.0	0.0	0.0	-5.0
Great Britain	1	Spain	1992	United States	1996	7	4	0	2	2	7	0	0	0	0	7	24.428571428571427	596.7551020408163	0.42857142857142855	-0.5714285714285714	-0.5714285714285714	0.0	0.0	-4.0
Great Britain	1	United States	1996	Australia	2000	3	0	0	0	0	7	1	0	1	0	7	20.333333333333332	413.4444444444444	0.3333333333333333	0.3333333333333333	0.14285714285714285	0.0	0.0	-3.0
Great Britain	1	Australia	2000	Greece	2004	3	1	0	1	0	3	0	0	0	0	3	21.666666666666668	469.4444444444445	0.0	-0.3333333333333333	-0.3333333333333333	0.0	0.0	-2.0
Great Britain	1	Greece	2004	People's Republic of China	2008	6	0	0	0	0	10	1	0	0	1	8	23.5	552.25	0.3333333333333333	0.16666666666666666	0.125	0.0	0.0	-1.0
Great Britain	1	People's Republic of China	2008	Great Britain	2012	9	2	0	0	2	21	3	0	1	2	14	24.666666666666668	608.4444444444445	0.3333333333333333	0.1111111111111111	0.11904761904761904	0.0	0.0	0.0
Great Britain	1	Great Britain	2012	Brazil	2016	11	5	2	1	2	21	8	4	2	2	18	23.545454545454547	554.3884297520661	0.5454545454545454	0.2727272727272727	0.20634920634920634	0.18181818181818182	0.12698412698412698	1.0
Greece	1	Belgium	1920	France	1924	1	0	0	0	0	1	0	0	0	0	1	23.0	529.0	1.0	0.0	0.0	0.0	0.0	-18.0
Greece	1	France	1924	Netherlands	1928	2	0	0	0	0	2	0	0	0	0	2	23.0	529.0	1.0	0.0	0.0	0.0	0.0	-17.0
Greece	1	Netherlands	1928	United States	1932	1	0	0	0	0	1	0	0	0	0	2	23.0	529.0	1.0	0.0	0.0	0.0	0.0	-16.0
Greece	1	Germany	1936	Great Britain	1948	1	0	0	0	0	1	0	0	0	0	1	25.0	625.0	1.0	0.0	0.0	0.0	0.0	-14.0
Greece	1	Great Britain	1948	Finland	1952	1	0	0	0	0	1	0	0	0	0	1	33.0	1089.0	1.0	0.0	0.0	0.0	0.0	-13.0
Greece	1	Finland	1952	Australia	1956	1	0	0	0	0	1	0	0	0	0	1	24.0	576.0	1.0	0.0	0.0	0.0	0.0	-12.0
Greece	1	Italy	1960	Japan	1964	1	0	0	0	0	1	0	0	0	0	1	27.0	729.0	1.0	0.0	0.0	0.0	0.0	-10.0
Greece	1	Japan	1964	Mexico	1968	4	0	0	0	0	4	1	0	0	1	4	24.25	588.0625	1.0	0.25	0.25	0.0	0.0	-9.0
Greece	1	Mexico	1968	West Germany	1972	6	1	0	0	1	6	1	0	1	0	6	27.0	729.0	1.0	0.0	0.0	0.0	0.0	-8.0
Greece	1	West Germany	1972	Canada	1976	3	1	0	1	0	3	0	0	0	0	3	22.666666666666668	513.7777777777778	1.0	-0.3333333333333333	-0.3333333333333333	0.0	0.0	-7.0
Greece	1	Canada	1976	Soviet Union	1980	3	0	0	0	0	3	2	1	0	1	3	23.0	529.0	1.0	0.6666666666666666	0.6666666666666666	0.3333333333333333	0.3333333333333333	-6.0
Greece	1	Soviet Union	1980	United States	1984	4	1	1	0	0	4	1	0	0	1	5	23.75	564.0625	1.0	0.0	-0.04999999999999999	-0.25	-0.25	-5.0
Greece	1	United States	1984	Republic of Korea	1988	4	1	0	0	1	5	1	0	0	1	4	24.0	576.0	1.0	0.0	0.04999999999999999	0.0	0.0	-4.0
Greece	1	Republic of Korea	1988	Spain	1992	2	0	0	0	0	2	0	0	0	0	2	26.5	702.25	1.0	0.0	0.0	0.0	0.0	-3.0
Greece	1	Spain	1992	United States	1996	3	0	0	0	0	3	0	0	0	0	3	23.333333333333332	544.4444444444443	1.0	0.0	0.0	0.0	0.0	-2.0
Greece	1	United States	1996	Australia	2000	3	1	1	0	0	9	1	0	0	1	4	22.333333333333332	498.7777777777777	1.0	0.0	0.1388888888888889	-0.3333333333333333	-0.1111111111111111	-1.0
Greece	1	Australia	2000	Greece	2004	6	3	1	1	1	8	2	1	1	0	7	22.833333333333332	521.3611111111111	0.8333333333333334	-0.16666666666666666	-0.0892857142857143	0.0	0.01785714285714285	0.0
Greece	1	Greece	2004	People's Republic of China	2008	10	3	1	2	0	20	1	0	1	0	15	22.9	524.41	0.7	-0.2	-0.08333333333333333	-0.1	-0.05	1.0
Greece	1	People's Republic of China	2008	Great Britain	2012	3	1	0	1	0	5	1	0	0	1	4	25.333333333333332	641.7777777777777	1.0	0.0	0.04999999999999999	0.0	0.0	2.0
Greece	1	Great Britain	2012	Brazil	2016	4	1	0	0	1	8	0	0	0	0	4	26.0	676.0	0.5	-0.25	-0.125	0.0	0.0	3.0
Italy	0	United States	1932	Germany	1936	1	0	0	0	0	2	0	0	0	0	1	22.0	484.0	1.0	0.0	0.0	0.0	0.0	-3.0
Italy	0	Germany	1936	Switzerland	1948	1	0	0	0	0	1	0	0	0	0	1	23.0	529.0	1.0	0.0	0.0	0.0	0.0	-2.0
Italy	0	Switzerland	1948	Norway	1952	2	0	0	0	0	2	0	0	0	0	2	20.5	420.25	1.0	0.0	0.0	0.0	0.0	-1.0
Italy	0	Norway	1952	Italy	1956	1	0	0	0	0	1	0	0	0	0	2	26.0	676.0	1.0	0.0	0.0	0.0	0.0	0.0
Italy	0	Italy	1956	United States	1960	2	0	0	0	0	3	0	0	0	0	3	23.0	529.0	1.0	0.0	0.0	0.0	0.0	1.0
Italy	0	United States	1960	Austria	1964	2	0	0	0	0	3	0	0	0	0	3	25.0	625.0	1.0	0.0	0.0	0.0	0.0	2.0
Italy	0	Austria	1964	France	1968	3	0	0	0	0	4	0	0	0	0	4	20.333333333333332	413.4444444444444	1.0	0.0	0.0	0.0	0.0	3.0
Italy	0	France	1968	Japan	1972	3	0	0	0	0	3	0	0	0	0	4	21.333333333333332	455.1111111111111	0.6666666666666666	0.0	0.0	0.0	0.0	4.0
Italy	0	Austria	1976	United States	1980	2	0	0	0	0	3	0	0	0	0	3	20.0	400.0	0.5	0.0	0.0	0.0	0.0	6.0
Italy	0	United States	1980	Yugoslavia	1984	1	0	0	0	0	2	0	0	0	0	2	25.0	625.0	1.0	0.0	0.0	0.0	0.0	-6.0
Italy	0	Yugoslavia	1984	Canada	1988	1	0	0	0	0	2	0	0	0	0	2	19.0	361.0	1.0	0.0	0.0	0.0	0.0	-5.0
Italy	0	France	1992	Norway	1994	7	0	0	0	0	10	0	0	0	0	10	22.571428571428573	509.4693877551021	0.7142857142857143	0.0	0.0	0.0	0.0	-3.0
Italy	0	Norway	1994	Japan	1998	4	0	0	0	0	5	0	0	0	0	5	25.0	625.0	0.75	0.0	0.0	0.0	0.0	-2.0
Italy	0	Japan	1998	United States	2002	2	0	0	0	0	3	0	0	0	0	3	26.0	676.0	0.5	0.0	0.0	0.0	0.0	-1.0
Italy	0	United States	2002	Italy	2006	3	0	0	0	0	3	0	0	0	0	3	23.333333333333332	544.4444444444443	0.6666666666666666	0.0	0.0	0.0	0.0	0.0
Italy	0	Italy	2006	Canada	2010	7	0	0	0	0	10	1	0	0	1	11	18.428571428571427	339.6122448979591	0.7142857142857143	0.14285714285714285	0.09090909090909091	0.0	0.0	1.0
Italy	0	Canada	2010	Russian Federation	2014	8	1	0	0	1	14	1	0	0	1	13	22.25	495.0625	0.75	0.0	0.005494505494505503	0.0	0.0	2.0
Italy	0	Russian Federation	2014	Republic of Korea	2018	7	1	0	0	1	11	0	0	0	0	11	25.0	625.0	0.5714285714285714	-0.14285714285714285	-0.09090909090909091	0.0	0.0	3.0
Italy	1	Great Britain	1908	Sweden	1912	2	1	1	0	0	2	1	1	0	0	2	23.0	529.0	1.0	0.0	0.0	0.0	0.0	-9.0
Italy	1	Sweden	1912	Belgium	1920	1	0	0	0	0	1	1	1	0	0	1	25.0	625.0	1.0	1.0	1.0	1.0	1.0	-8.0
Italy	1	Belgium	1920	France	1924	7	1	1	0	0	7	1	0	0	1	28	27.857142857142858	776.0204081632653	1.0	0.0	-0.10714285714285714	-0.14285714285714285	-0.14285714285714285	-7.0
Italy	1	France	1924	Netherlands	1928	8	0	0	0	0	36	2	0	0	2	28	25.0	625.0	1.0	0.25	0.07142857142857142	0.0	0.0	-6.0
Italy	1	Netherlands	1928	United States	1932	4	2	0	1	1	14	4	3	0	1	9	26.5	702.25	1.0	0.5	0.30158730158730157	0.75	0.3333333333333333	-5.0
Italy	1	United States	1932	Germany	1936	8	5	3	1	1	18	0	0	0	0	30	25.5	650.25	1.0	-0.625	-0.2777777777777778	-0.375	-0.16666666666666666	-4.0
Italy	1	Germany	1936	Great Britain	1948	6	0	0	0	0	25	1	0	0	1	24	23.666666666666668	560.1111111111112	1.0	0.16666666666666666	0.041666666666666664	0.0	0.0	-3.0
Italy	1	Great Britain	1948	Finland	1952	9	3	1	0	2	27	0	0	0	0	27	27.77777777777778	771.604938271605	1.0	-0.3333333333333333	-0.1111111111111111	-0.1111111111111111	-0.037037037037037035	-2.0
Italy	1	Finland	1952	Australia	1956	5	1	0	1	0	13	1	0	1	0	13	20.0	400.0	0.6	0.0	0.0	0.0	0.0	-1.0
Italy	1	Australia	1956	Italy	1960	8	2	0	1	1	20	0	0	0	0	20	22.75	517.5625	0.625	-0.25	-0.1	0.0	0.0	0.0
Italy	1	Italy	1960	Japan	1964	7	2	0	1	1	31	3	1	1	1	31	24.0	576.0	1.0	0.14285714285714285	0.03225806451612903	0.14285714285714285	0.03225806451612903	1.0
Italy	1	Japan	1964	Mexico	1968	6	3	1	1	1	36	0	0	0	0	36	24.666666666666668	608.4444444444445	1.0	-0.5	-0.08333333333333333	-0.16666666666666666	-0.027777777777777776	2.0
Italy	1	Mexico	1968	West Germany	1972	4	0	0	0	0	4	0	0	0	0	4	24.5	600.25	1.0	0.0	0.0	0.0	0.0	3.0
Italy	1	West Germany	1972	Canada	1976	4	2	0	0	2	14	0	0	0	0	14	20.75	430.5625	0.75	-0.5	-0.14285714285714285	0.0	0.0	4.0
Italy	1	Canada	1976	Soviet Union	1980	3	0	0	0	0	3	2	2	0	0	3	19.0	361.0	1.0	0.6666666666666666	0.6666666666666666	0.6666666666666666	0.6666666666666666	5.0
Italy	1	Soviet Union	1980	United States	1984	6	1	1	0	0	6	3	1	2	0	6	21.333333333333332	455.1111111111111	1.0	0.3333333333333333	0.33333333333333337	0.0	0.0	6.0
Italy	1	United States	1984	Republic of Korea	1988	6	2	1	1	0	12	1	1	0	0	12	22.666666666666668	513.7777777777778	0.8333333333333334	-0.16666666666666666	-0.08333333333333333	0.0	0.0	7.0
Italy	1	Republic of Korea	1988	Spain	1992	9	1	1	0	0	31	1	0	1	0	31	21.88888888888889	479.1234567901235	0.8888888888888888	0.0	0.0	-0.1111111111111111	-0.03225806451612903	8.0
Italy	1	Spain	1992	United States	1996	8	1	0	1	0	20	0	0	0	0	20	24.0	576.0	0.5	-0.125	-0.05	0.0	0.0	9.0
Italy	1	United States	1996	Australia	2000	6	2	0	1	1	6	4	0	0	4	6	25.666666666666668	658.7777777777778	0.6666666666666666	0.3333333333333333	0.3333333333333333	0.0	0.0	10.0
Italy	1	Australia	2000	Greece	2004	8	1	0	0	1	24	1	1	0	0	23	24.0	576.0	0.5	0.0	0.0018115942028985518	0.125	0.043478260869565216	11.0
Italy	1	Greece	2004	People's Republic of China	2008	15	3	1	0	2	46	3	2	1	0	37	23.866666666666667	569.6177777777777	0.8	0.0	0.01586368977673326	0.06666666666666667	0.03231492361927145	12.0
Italy	1	People's Republic of China	2008	Great Britain	2012	15	5	2	2	1	36	4	0	2	2	32	25.666666666666668	658.7777777777778	0.8666666666666667	-0.06666666666666667	-0.013888888888888895	-0.13333333333333333	-0.05555555555555555	13.0
Italy	1	Great Britain	2012	Brazil	2016	8	2	0	1	1	17	0	0	0	0	16	22.125	489.515625	0.5	-0.25	-0.11764705882352941	0.0	0.0	14.0
Japan	0	United States	1932	Germany	1936	2	0	0	0	0	2	0	0	0	0	2	20.0	400.0	1.0	0.0	0.0	0.0	0.0	-7.0
Japan	0	Norway	1952	Italy	1956	1	0	0	0	0	1	0	0	0	0	2	21.0	441.0	1.0	0.0	0.0	0.0	0.0	-4.0
Japan	0	Italy	1956	United States	1960	1	0	0	0	0	2	0	0	0	0	1	25.0	625.0	1.0	0.0	0.0	0.0	0.0	-3.0
Japan	0	United States	1960	Austria	1964	6	0	0	0	0	7	0	0	0	0	8	21.333333333333332	455.1111111111111	0.6666666666666666	0.0	0.0	0.0	0.0	-2.0
Japan	0	Austria	1964	France	1968	4	0	0	0	0	5	0	0	0	0	6	21.75	473.0625	0.75	0.0	0.0	0.0	0.0	-1.0
Japan	0	France	1968	Japan	1972	7	0	0	0	0	10	3	1	1	1	10	23.142857142857142	535.5918367346939	0.8571428571428571	0.42857142857142855	0.3	0.14285714285714285	0.1	0.0
Japan	0	Japan	1972	Austria	1976	3	1	1	0	0	4	0	0	0	0	5	26.333333333333332	693.4444444444443	1.0	-0.3333333333333333	-0.25	-0.3333333333333333	-0.25	1.0
Japan	0	Austria	1976	United States	1980	3	0	0	0	0	3	0	0	0	0	3	21.0	441.0	0.6666666666666666	0.0	0.0	0.0	0.0	2.0
Japan	0	United States	1980	Yugoslavia	1984	1	1	0	1	0	2	0	0	0	0	2	21.0	441.0	1.0	-1.0	-0.5	0.0	0.0	3.0
Japan	0	Yugoslavia	1984	Canada	1988	1	0	0	0	0	2	0	0	0	0	2	22.0	484.0	1.0	0.0	0.0	0.0	0.0	-3.0
Japan	0	Canada	1988	France	1992	2	0	0	0	0	2	1	0	1	0	2	21.0	441.0	0.5	0.5	0.5	0.0	0.0	-2.0
Japan	0	France	1992	Norway	1994	7	0	0	0	0	9	1	0	1	0	9	22.428571428571427	503.04081632653055	0.8571428571428571	0.14285714285714285	0.1111111111111111	0.0	0.0	-1.0
Japan	0	Norway	1994	Japan	1998	7	0	0	0	0	10	2	1	0	1	8	23.142857142857142	535.5918367346939	0.8571428571428571	0.2857142857142857	0.25	0.14285714285714285	0.125	0.0
Japan	0	Japan	1998	United States	2002	10	4	2	1	1	12	1	0	0	1	15	24.2	585.64	0.7	-0.3	-0.26666666666666666	-0.2	-0.16666666666666666	1.0
Japan	0	United States	2002	Italy	2006	10	1	0	0	1	13	0	0	0	0	13	24.8	615.0400000000001	0.6	-0.1	-0.07692307692307693	0.0	0.0	2.0
Japan	0	Italy	2006	Canada	2010	15	0	0	0	0	19	1	0	0	1	19	24.333333333333332	592.1111111111111	0.6	0.06666666666666667	0.05263157894736842	0.0	0.0	3.0
Japan	0	Canada	2010	Russian Federation	2014	15	2	0	1	1	20	2	0	2	0	19	24.066666666666666	579.2044444444444	0.6	0.0	0.005263157894736831	0.0	0.0	4.0
Japan	0	Russian Federation	2014	Republic of Korea	2018	15	6	1	3	2	20	4	1	2	1	19	24.933333333333334	621.6711111111111	0.7333333333333333	-0.13333333333333333	-0.08947368421052632	0.0	0.0026315789473684154	5.0
Japan	1	United States	1932	Germany	1936	2	0	0	0	0	4	0	0	0	0	14	21.0	441.0	1.0	0.0	0.0	0.0	0.0	-5.0
Japan	1	Finland	1952	Australia	1956	3	2	0	1	1	15	7	1	2	4	15	25.0	625.0	1.0	1.6666666666666667	0.33333333333333337	0.3333333333333333	0.06666666666666667	-2.0
Japan	1	Australia	1956	Italy	1960	6	8	1	3	4	32	7	3	2	2	32	24.666666666666668	608.4444444444445	0.6666666666666666	-0.16666666666666666	-0.03125	0.3333333333333333	0.0625	-1.0
Japan	1	Italy	1960	Japan	1964	10	6	2	1	3	50	7	3	4	0	50	23.3	542.89	0.6	0.1	0.020000000000000018	0.1	0.019999999999999997	0.0
Japan	1	Japan	1964	Mexico	1968	8	5	3	1	1	18	2	1	1	0	18	24.0	576.0	0.875	-0.375	-0.16666666666666669	-0.25	-0.1111111111111111	1.0
Japan	1	Mexico	1968	West Germany	1972	10	10	5	2	3	47	12	4	4	4	46	23.1	533.61	0.7	0.2	0.048103607770582785	-0.1	-0.019426456984273824	2.0
Japan	1	West Germany	1972	Canada	1976	8	10	3	4	3	30	10	3	4	3	30	25.375	643.890625	0.875	0.0	0.0	0.0	0.0	3.0
Japan	1	United States	1984	Republic of Korea	1988	14	6	3	2	1	18	4	1	2	1	18	22.857142857142858	522.4489795918367	0.8571428571428571	-0.14285714285714285	-0.1111111111111111	-0.14285714285714285	-0.1111111111111111	6.0
Japan	1	Republic of Korea	1988	Spain	1992	13	4	1	1	2	25	4	1	1	2	25	23.692307692307693	561.3254437869823	0.9230769230769231	0.0	0.0	0.0	0.0	7.0
Japan	1	Spain	1992	United States	1996	11	6	2	4	0	21	3	0	3	0	21	21.636363636363637	468.1322314049587	0.5454545454545454	-0.2727272727272727	-0.14285714285714285	-0.18181818181818182	-0.09523809523809523	8.0
Japan	1	United States	1996	Australia	2000	12	5	2	2	1	18	3	2	1	0	18	22.833333333333332	521.3611111111111	0.75	-0.16666666666666666	-0.11111111111111113	0.0	0.0	9.0
Japan	1	Australia	2000	Greece	2004	11	6	3	1	2	17	5	4	0	1	16	24.272727272727273	589.1652892561984	0.5454545454545454	-0.09090909090909091	-0.04044117647058826	0.09090909090909091	0.07352941176470587	10.0
Japan	1	Greece	2004	People's Republic of China	2008	19	13	8	3	2	34	9	5	2	2	30	24.157894736842106	583.6038781163435	0.42105263157894735	-0.21052631578947367	-0.08235294117647057	-0.15789473684210525	-0.06862745098039216	11.0
Japan	1	People's Republic of China	2008	Great Britain	2012	12	6	2	2	2	24	6	3	2	1	20	21.833333333333332	476.6944444444444	0.4166666666666667	0.0	0.04999999999999999	0.08333333333333333	0.06666666666666667	12.0
Japan	1	Great Britain	2012	Brazil	2016	14	6	4	1	1	31	7	3	1	3	34	22.857142857142858	522.4489795918367	0.5	0.07142857142857142	0.012333965844402273	-0.07142857142857142	-0.04079696394686906	13.0
Mexico	0	Canada	1988	France	1992	1	0	0	0	0	1	0	0	0	0	1	18.0	324.0	1.0	0.0	0.0	0.0	0.0	
Mexico	1	Great Britain	1948	Finland	1952	1	0	0	0	0	1	0	0	0	0	1	29.0	841.0	1.0	0.0	0.0	0.0	0.0	-4.0
Mexico	1	Finland	1952	Australia	1956	1	0	0	0	0	1	0	0	0	0	1	19.0	361.0	1.0	0.0	0.0	0.0	0.0	-3.0
Mexico	1	Australia	1956	Italy	1960	1	0	0	0	0	1	0	0	0	0	1	23.0	529.0	1.0	0.0	0.0	0.0	0.0	-2.0
Mexico	1	Italy	1960	Japan	1964	1	0	0	0	0	1	0	0	0	0	2	27.0	729.0	1.0	0.0	0.0	0.0	0.0	-1.0
Mexico	1	Japan	1964	Mexico	1968	4	0	0	0	0	6	0	0	0	0	4	23.25	540.5625	1.0	0.0	0.0	0.0	0.0	0.0
Mexico	1	Mexico	1968	West Germany	1972	7	0	0	0	0	17	0	0	0	0	17	22.285714285714285	496.65306122448976	0.8571428571428571	0.0	0.0	0.0	0.0	1.0
Mexico	1	West Germany	1972	Canada	1976	2	0	0	0	0	6	0	0	0	0	6	23.0	529.0	0.5	0.0	0.0	0.0	0.0	2.0
Mexico	1	Canada	1976	Soviet Union	1980	2	0	0	0	0	2	0	0	0	0	2	18.5	342.25	1.0	0.0	0.0	0.0	0.0	3.0
Mexico	1	Soviet Union	1980	United States	1984	2	0	0	0	0	2	0	0	0	0	2	21.5	462.25	1.0	0.0	0.0	0.0	0.0	4.0
Mexico	1	United States	1984	Republic of Korea	1988	5	0	0	0	0	11	0	0	0	0	11	20.0	400.0	0.8	0.0	0.0	0.0	0.0	5.0
Mexico	1	Republic of Korea	1988	Spain	1992	1	0	0	0	0	1	0	0	0	0	1	18.0	324.0	0.0	0.0	0.0	0.0	0.0	6.0
Mexico	1	Spain	1992	United States	1996	2	0	0	0	0	2	0	0	0	0	2	25.5	650.25	1.0	0.0	0.0	0.0	0.0	7.0
Mexico	1	Australia	2000	Greece	2004	1	1	0	0	1	1	0	0	0	0	1	29.0	841.0	1.0	-1.0	-1.0	0.0	0.0	9.0
Mexico	1	Greece	2004	People's Republic of China	2008	1	0	0	0	0	1	0	0	0	0	1	22.0	484.0	0.0	0.0	0.0	0.0	0.0	10.0
Mexico	1	People's Republic of China	2008	Great Britain	2012	3	1	1	0	0	3	1	0	0	1	3	21.666666666666668	469.4444444444445	0.3333333333333333	0.0	0.0	-0.3333333333333333	-0.3333333333333333	11.0
Mexico	1	Great Britain	2012	Brazil	2016	3	1	0	0	1	4	1	0	1	0	4	25.666666666666668	658.7777777777778	0.3333333333333333	0.0	0.0	0.0	0.0	12.0
Netherlands	0	Italy	1956	United States	1960	2	0	0	0	0	2	1	0	1	0	2	15.0	225.0	0.0	0.5	0.5	0.0	0.0	
Netherlands	0	United States	1960	Austria	1964	1	1	0	1	0	1	1	1	0	0	1	18.0	324.0	0.0	0.0	0.0	1.0	1.0	
Netherlands	0	Japan	1972	Austria	1976	1	0	0	0	0	1	1	0	1	0	1	17.0	289.0	0.0	1.0	1.0	0.0	0.0	
Netherlands	0	Canada	2010	Russian Federation	2014	1	0	0	0	0	1	0	0	0	0	1	23.0	529.0	1.0	0.0	0.0	0.0	0.0	
Netherlands	0	Russian Federation	2014	Republic of Korea	2018	1	0	0	0	0	1	0	0	0	0	2	30.0	900.0	0.0	0.0	0.0	0.0	0.0	
Netherlands	1	Sweden	1912	Belgium	1920	3	0	0	0	0	3	0	0	0	0	3	24.666666666666668	608.4444444444445	1.0	0.0	0.0	0.0	0.0	-2.0
Netherlands	1	Belgium	1920	France	1924	4	0	0	0	0	4	0	0	0	0	4	30.0	900.0	1.0	0.0	0.0	0.0	0.0	-1.0
Netherlands	1	France	1924	Netherlands	1928	2	0	0	0	0	2	1	0	0	1	2	27.5	756.25	1.0	0.5	0.5	0.0	0.0	0.0
Netherlands	1	Great Britain	1948	Finland	1952	1	0	0	0	0	1	0	0	0	0	1	17.0	289.0	1.0	0.0	0.0	0.0	0.0	4.0
Netherlands	1	Italy	1960	Japan	1964	2	0	0	0	0	2	0	0	0	0	2	26.5	702.25	1.0	0.0	0.0	0.0	0.0	7.0
Netherlands	1	Japan	1964	Mexico	1968	1	0	0	0	0	1	0	0	0	0	1	19.0	361.0	1.0	0.0	0.0	0.0	0.0	8.0
Netherlands	1	West Germany	1972	Canada	1976	2	0	0	0	0	10	0	0	0	0	10	19.0	361.0	0.0	0.0	0.0	0.0	0.0	10.0
Netherlands	1	United States	1984	Republic of Korea	1988	2	1	0	0	1	2	2	0	0	2	2	22.0	484.0	1.0	0.5	0.5	0.0	0.0	13.0
Netherlands	1	Republic of Korea	1988	Spain	1992	3	2	0	0	2	3	2	0	0	2	3	25.0	625.0	1.0	0.0	0.0	0.0	0.0	14.0
Netherlands	1	Spain	1992	United States	1996	2	0	0	0	0	2	1	0	0	1	2	22.0	484.0	0.0	0.5	0.5	0.0	0.0	15.0
Netherlands	1	United States	1996	Australia	2000	4	1	0	0	1	4	1	1	0	0	4	24.25	588.0625	0.5	0.0	0.0	0.25	0.25	16.0
Netherlands	1	Australia	2000	Greece	2004	5	1	1	0	0	5	4	0	1	3	5	24.2	585.64	0.6	0.6	0.6000000000000001	-0.2	-0.2	17.0
Netherlands	1	Greece	2004	People's Republic of China	2008	6	4	0	1	3	10	2	0	1	1	9	25.833333333333332	667.3611111111111	0.5	-0.3333333333333333	-0.1777777777777778	0.0	0.0	18.0
Netherlands	1	People's Republic of China	2008	Great Britain	2012	6	3	0	0	3	7	3	1	0	2	7	25.666666666666668	658.7777777777778	0.6666666666666666	0.0	0.0	0.16666666666666666	0.14285714285714285	19.0
Netherlands	1	Great Britain	2012	Brazil	2016	6	2	1	0	1	10	0	0	0	0	9	25.5	650.25	0.6666666666666666	-0.3333333333333333	-0.2	-0.16666666666666666	-0.1	20.0
Norway	0	France	1924	Switzerland	1928	3	2	1	0	1	3	2	2	0	0	3	21.0	441.0	0.6666666666666666	0.0	0.0	0.3333333333333333	0.3333333333333333	-4.0
Norway	0	Switzerland	1928	United States	1932	5	4	2	2	0	5	3	2	0	1	6	22.0	484.0	0.8	-0.2	-0.30000000000000004	0.0	-0.06666666666666671	-3.0
Norway	0	United States	1932	Germany	1936	4	3	2	0	1	4	3	2	0	1	4	20.5	420.25	0.75	0.0	0.0	0.0	0.0	-2.0
Norway	0	Germany	1936	Switzerland	1948	1	1	1	0	0	1	1	0	1	0	1	25.0	625.0	1.0	0.0	0.0	-1.0	-1.0	-1.0
Norway	0	Norway	1952	Italy	1956	3	2	1	0	1	3	1	1	0	0	4	25.0	625.0	1.0	-0.3333333333333333	-0.41666666666666663	0.0	-0.08333333333333331	1.0
Norway	0	Italy	1956	United States	1960	2	1	1	0	0	3	1	0	1	0	2	27.0	729.0	1.0	0.0	0.16666666666666669	-0.5	-0.3333333333333333	2.0
Norway	0	United States	1960	Austria	1964	3	1	0	1	0	3	1	1	0	0	4	25.666666666666668	658.7777777777778	1.0	0.0	-0.08333333333333331	0.3333333333333333	0.25	3.0
Norway	0	Austria	1964	France	1968	1	0	0	0	0	2	0	0	0	0	2	21.0	441.0	1.0	0.0	0.0	0.0	0.0	4.0
Norway	0	France	1968	Japan	1972	4	0	0	0	0	5	0	0	0	0	5	23.0	529.0	1.0	0.0	0.0	0.0	0.0	5.0
Norway	0	Austria	1976	United States	1980	3	0	0	0	0	5	0	0	0	0	5	21.666666666666668	469.4444444444445	1.0	0.0	0.0	0.0	0.0	-4.0
Norway	0	United States	1980	Yugoslavia	1984	3	0	0	0	0	4	1	1	0	0	3	25.0	625.0	1.0	0.3333333333333333	0.3333333333333333	0.3333333333333333	0.3333333333333333	-3.0
Norway	0	Yugoslavia	1984	Canada	1988	4	0	0	0	0	5	0	0	0	0	6	23.75	564.0625	1.0	0.0	0.0	0.0	0.0	-2.0
Norway	0	France	1992	Norway	1994	7	1	0	0	1	10	5	3	2	0	10	22.571428571428573	509.4693877551021	0.8571428571428571	0.5714285714285714	0.4	0.42857142857142855	0.3	0.0
Norway	0	Norway	1994	Japan	1998	5	6	2	2	2	7	1	1	0	0	5	23.4	547.56	0.8	-1.0	-0.657142857142857	-0.2	-0.08571428571428569	1.0
Norway	0	Japan	1998	United States	2002	7	3	0	2	1	8	1	1	0	0	9	23.428571428571427	548.8979591836734	0.5714285714285714	-0.2857142857142857	-0.2638888888888889	0.14285714285714285	0.1111111111111111	2.0
Norway	0	United States	2002	Italy	2006	8	1	1	0	0	11	5	1	1	3	11	24.5	600.25	0.625	0.5	0.36363636363636365	0.0	0.0	3.0
Norway	0	Italy	2006	Canada	2010	5	3	0	1	2	8	0	0	0	0	7	22.2	492.84	0.8	-0.6	-0.375	0.0	0.0	4.0
Norway	0	Canada	2010	Russian Federation	2014	6	0	0	0	0	10	3	0	2	1	9	25.0	625.0	0.8333333333333334	0.5	0.3333333333333333	0.0	0.0	5.0
Norway	0	Russian Federation	2014	Republic of Korea	2018	7	2	1	1	0	7	2	2	0	0	11	20.857142857142858	435.0204081632653	0.5714285714285714	0.0	-0.10389610389610388	0.14285714285714285	0.038961038961038974	6.0
Norway	1	Sweden	1912	Belgium	1920	2	0	0	0	0	2	0	0	0	0	2	20.0	400.0	1.0	0.0	0.0	0.0	0.0	
Norway	1	Belgium	1920	France	1924	3	1	0	1	0	3	1	0	0	1	3	19.333333333333332	373.7777777777777	1.0	0.0	0.0	0.0	0.0	
Norway	1	France	1924	Netherlands	1928	4	1	0	0	1	4	0	0	0	0	4	25.5	650.25	1.0	-0.25	-0.25	0.0	0.0	
Norway	1	United States	1932	Germany	1936	1	0	0	0	0	1	0	0	0	0	1	30.0	900.0	1.0	0.0	0.0	0.0	0.0	
Norway	1	Great Britain	1948	Finland	1952	3	1	0	1	0	3	0	0	0	0	3	31.333333333333332	981.7777777777777	1.0	-0.3333333333333333	-0.3333333333333333	0.0	0.0	
Norway	1	Italy	1960	Japan	1964	2	0	0	0	0	8	0	0	0	0	9	22.5	506.25	1.0	0.0	0.0	0.0	0.0	
Norway	1	Japan	1964	Mexico	1968	1	0	0	0	0	2	0	0	0	0	1	27.0	729.0	1.0	0.0	0.0	0.0	0.0	
Norway	1	Mexico	1968	West Germany	1972	6	0	0	0	0	14	0	0	0	0	14	23.5	552.25	0.6666666666666666	0.0	0.0	0.0	0.0	
Norway	1	West Germany	1972	Canada	1976	1	0	0	0	0	1	0	0	0	0	2	28.0	784.0	1.0	0.0	0.0	0.0	0.0	
Norway	1	United States	1984	Republic of Korea	1988	4	0	0	0	0	4	1	1	0	0	4	23.0	529.0	1.0	0.25	0.25	0.25	0.25	
Norway	1	Republic of Korea	1988	Spain	1992	2	1	1	0	0	2	1	1	0	0	2	24.5	600.25	1.0	0.0	0.0	0.0	0.0	
Norway	1	Spain	1992	United States	1996	1	1	1	0	0	1	0	0	0	0	1	30.0	900.0	1.0	-1.0	-1.0	-1.0	-1.0	
Norway	1	United States	1996	Australia	2000	1	0	0	0	0	7	0	0	0	0	7	23.0	529.0	1.0	0.0	0.0	0.0	0.0	
Norway	1	Australia	2000	Greece	2004	1	0	0	0	0	1	0	0	0	0	1	22.0	484.0	1.0	0.0	0.0	0.0	0.0	
Norway	1	Greece	2004	People's Republic of China	2008	1	0	0	0	0	1	1	0	1	0	1	25.0	625.0	0.0	1.0	1.0	0.0	0.0	
Norway	1	People's Republic of China	2008	Great Britain	2012	1	0	0	0	0	1	0	0	0	0	1	25.0	625.0	1.0	0.0	0.0	0.0	0.0	
Norway	1	Great Britain	2012	Brazil	2016	1	0	0	0	0	1	1	0	0	1	1	29.0	841.0	1.0	1.0	1.0	0.0	0.0	
People's Republic of China	0	United States	1980	Yugoslavia	1984	2	0	0	0	0	2	0	0	0	0	2	15.0	225.0	0.5	0.0	0.0	0.0	0.0	
People's Republic of China	0	Canada	1988	France	1992	1	0	0	0	0	1	0	0	0	0	1	22.0	484.0	1.0	0.0	0.0	0.0	0.0	
People's Republic of China	0	France	1992	Norway	1994	1	0	0	0	0	1	1	0	0	1	1	16.0	256.0	0.0	1.0	1.0	0.0	0.0	
People's Republic of China	0	Norway	1994	Japan	1998	3	1	0	0	1	3	1	0	0	1	3	16.666666666666668	277.7777777777778	0.0	0.0	0.0	0.0	0.0	
People's Republic of China	0	Japan	1998	United States	2002	2	1	0	1	0	2	0	0	0	0	2	19.0	361.0	0.5	-0.5	-0.5	0.0	0.0	
People's Republic of China	0	United States	2002	Italy	2006	9	0	0	0	0	9	2	1	1	0	9	21.22222222222222	450.3827160493827	0.5555555555555556	0.2222222222222222	0.2222222222222222	0.1111111111111111	0.1111111111111111	
People's Republic of China	0	Italy	2006	Canada	2010	6	2	1	1	0	6	3	0	1	2	6	21.166666666666668	448.0277777777778	0.3333333333333333	0.16666666666666666	0.16666666666666669	-0.16666666666666666	-0.16666666666666666	
People's Republic of China	0	Canada	2010	Russian Federation	2014	10	2	0	1	1	10	2	0	1	1	10	20.8	432.64000000000004	0.4	0.0	0.0	0.0	0.0	
People's Republic of China	0	Russian Federation	2014	Republic of Korea	2018	11	2	0	1	1	11	3	0	3	0	11	23.454545454545453	550.1157024793388	0.5454545454545454	0.09090909090909091	0.09090909090909088	0.0	0.0	
People's Republic of China	1	United States	1984	Republic of Korea	1988	8	7	4	2	1	26	2	1	0	1	26	21.875	478.515625	1.0	-0.625	-0.1923076923076923	-0.375	-0.11538461538461539	-5.0
People's Republic of China	1	Republic of Korea	1988	Spain	1992	5	0	0	0	0	11	0	0	0	0	11	19.6	384.1600000000001	0.8	0.0	0.0	0.0	0.0	-4.0
People's Republic of China	1	Spain	1992	United States	1996	5	3	1	0	2	11	3	1	1	1	11	20.8	432.64000000000004	0.6	0.0	0.0	0.0	0.0	-3.0
People's Republic of China	1	United States	1996	Australia	2000	6	1	0	0	1	13	3	1	0	2	13	19.5	380.25	0.5	0.3333333333333333	0.15384615384615385	0.16666666666666666	0.07692307692307693	-2.0
People's Republic of China	1	Australia	2000	Greece	2004	9	5	2	2	1	29	3	1	0	2	27	20.88888888888889	436.34567901234567	0.5555555555555556	-0.2222222222222222	-0.06130268199233718	-0.1111111111111111	-0.031928480204342274	-1.0
People's Republic of China	1	Greece	2004	People's Republic of China	2008	12	5	2	0	3	33	10	5	1	4	31	22.416666666666668	502.5069444444445	0.6666666666666666	0.4166666666666667	0.1710654936461388	0.25	0.10068426197458455	0.0
People's Republic of China	1	People's Republic of China	2008	Great Britain	2012	19	14	11	1	2	30	13	5	3	5	26	21.894736842105264	479.3795013850416	0.5263157894736842	-0.05263157894736842	0.033333333333333326	-0.3157894736842105	-0.17435897435897432	1.0
People's Republic of China	1	Great Britain	2012	Brazil	2016	5	4	2	1	1	8	2	0	1	1	7	23.6	556.96	0.4	-0.4	-0.2142857142857143	-0.4	-0.25	2.0
Republic of Korea	0	Canada	1988	France	1992	1	0	0	0	0	1	0	0	0	0	1	19.0	361.0	1.0	0.0	0.0	0.0	0.0	-7.0
Republic of Korea	0	France	1992	Norway	1994	1	0	0	0	0	1	0	0	0	0	1	23.0	529.0	1.0	0.0	0.0	0.0	0.0	-6.0
Republic of Korea	0	Japan	1998	United States	2002	4	0	0	0	0	7	0	0	0	0	7	16.5	272.25	1.0	0.0	0.0	0.0	0.0	-4.0
Republic of Korea	0	United States	2002	Italy	2006	4	0	0	0	0	8	0	0	0	0	8	19.5	380.25	1.0	0.0	0.0	0.0	0.0	-3.0
Republic of Korea	0	Italy	2006	Canada	2010	3	0	0	0	0	6	0	0	0	0	6	24.0	576.0	1.0	0.0	0.0	0.0	0.0	-2.0
Republic of Korea	0	Canada	2010	Russian Federation	2014	6	1	1	0	0	9	1	0	1	0	9	24.0	576.0	0.6666666666666666	0.0	0.0	-0.16666666666666666	-0.1111111111111111	-1.0
Republic of Korea	0	Russian Federation	2014	Republic of Korea	2018	7	0	0	0	0	9	0	0	0	0	9	24.571428571428573	603.7551020408164	0.7142857142857143	0.0	0.0	0.0	0.0	0.0
Republic of Korea	1	Great Britain	1948	Finland	1952	2	1	0	0	1	2	0	0	0	0	2	24.0	576.0	1.0	-0.5	-0.5	0.0	0.0	-9.0
Republic of Korea	1	Finland	1952	Australia	1956	1	0	0	0	0	1	0	0	0	0	1	25.0	625.0	1.0	0.0	0.0	0.0	0.0	-8.0
Republic of Korea	1	Australia	1956	Italy	1960	1	1	0	1	0	1	0	0	0	0	1	22.0	484.0	1.0	-1.0	-1.0	0.0	0.0	-7.0
Republic of Korea	1	Italy	1960	Japan	1964	1	0	0	0	0	1	1	0	1	0	1	20.0	400.0	1.0	1.0	1.0	0.0	0.0	-6.0
Republic of Korea	1	Japan	1964	Mexico	1968	4	0	0	0	0	10	0	0	0	0	10	21.5	462.25	1.0	0.0	0.0	0.0	0.0	-5.0
Republic of Korea	1	Mexico	1968	West Germany	1972	1	0	0	0	0	1	0	0	0	0	1	24.0	576.0	1.0	0.0	0.0	0.0	0.0	-4.0
Republic of Korea	1	West Germany	1972	Canada	1976	1	0	0	0	0	1	0	0	0	0	1	20.0	400.0	1.0	0.0	0.0	0.0	0.0	-3.0
Republic of Korea	1	United States	1984	Republic of Korea	1988	10	4	2	1	1	16	7	4	0	3	16	22.2	492.84	1.0	0.3	0.1875	0.2	0.125	0.0
Republic of Korea	1	Republic of Korea	1988	Spain	1992	7	3	0	2	1	7	1	1	0	0	7	23.142857142857142	535.5918367346939	1.0	-0.2857142857142857	-0.2857142857142857	0.14285714285714285	0.14285714285714285	1.0
Republic of Korea	1	Spain	1992	United States	1996	10	2	1	0	1	34	4	0	4	0	34	22.5	506.25	0.9	0.2	0.058823529411764705	-0.1	-0.029411764705882353	2.0
Republic of Korea	1	United States	1996	Australia	2000	13	7	2	3	2	43	7	1	2	4	40	22.76923076923077	518.4378698224853	0.8461538461538461	0.0	0.012209302325581373	-0.07692307692307693	-0.021511627906976742	3.0
Republic of Korea	1	Australia	2000	Greece	2004	8	2	0	2	0	20	3	0	2	1	16	22.75	517.5625	0.875	0.125	0.0875	0.0	0.0	4.0
Republic of Korea	1	Greece	2004	People's Republic of China	2008	12	7	1	2	4	29	3	2	0	1	28	22.5	506.25	0.9166666666666666	-0.3333333333333333	-0.13423645320197047	0.08333333333333333	0.03694581280788177	5.0
Republic of Korea	1	People's Republic of China	2008	Great Britain	2012	13	5	2	2	1	26	3	2	1	0	24	22.846153846153847	521.9467455621302	0.6153846153846154	-0.15384615384615385	-0.06730769230769232	0.0	0.006410256410256401	6.0
Republic of Korea	1	Great Britain	2012	Brazil	2016	6	2	1	1	0	6	3	0	0	3	6	22.333333333333332	498.7777777777777	0.6666666666666666	0.16666666666666666	0.16666666666666669	-0.16666666666666666	-0.16666666666666666	7.0
Russian Federation	0	Norway	1994	Japan	1998	6	0	0	0	0	6	1	0	0	1	7	21.333333333333332	455.1111111111111	0.5	0.16666666666666666	0.14285714285714285	0.0	0.0	-4.0
Russian Federation	0	Japan	1998	United States	2002	10	0	0	0	0	11	2	1	1	0	11	22.7	515.29	0.5	0.2	0.18181818181818182	0.1	0.09090909090909091	-3.0
Russian Federation	0	United States	2002	Italy	2006	11	2	0	2	0	12	3	1	0	2	13	22.636363636363637	512.404958677686	0.5454545454545454	0.09090909090909091	0.06410256410256412	0.09090909090909091	0.07692307692307693	-2.0
Russian Federation	0	Italy	2006	Canada	2010	8	1	1	0	0	11	1	0	1	0	11	24.125	582.015625	0.75	0.0	0.0	-0.125	-0.09090909090909091	-1.0
Russian Federation	0	Canada	2010	Russian Federation	2014	7	1	0	1	0	8	1	0	0	1	8	23.571428571428573	555.6122448979593	0.7142857142857143	0.0	0.0	0.0	0.0	0.0
Russian Federation	1	United States	1996	Australia	2000	12	11	5	1	5	33	11	5	4	2	33	21.916666666666668	480.3402777777778	0.9166666666666666	0.0	0.0	0.0	0.0	
Russian Federation	1	Australia	2000	Greece	2004	20	20	10	5	5	40	10	3	4	3	37	23.5	552.25	0.75	-0.5	-0.22972972972972971	-0.35	-0.16891891891891891	
Russian Federation	1	Greece	2004	People's Republic of China	2008	19	9	5	1	3	36	7	3	1	3	34	23.473684210526315	551.0138504155125	0.631578947368421	-0.10526315789473684	-0.04411764705882354	-0.10526315789473684	-0.05065359477124183	
Russian Federation	1	People's Republic of China	2008	Great Britain	2012	9	2	1	0	1	12	4	1	2	1	10	22.11111111111111	488.9012345679012	0.6666666666666666	0.2222222222222222	0.23333333333333336	0.0	0.016666666666666677	
Russian Federation	1	Great Britain	2012	Brazil	2016	17	15	5	2	8	30	11	2	5	4	27	22.176470588235293	491.79584775086505	0.5882352941176471	-0.23529411764705882	-0.09259259259259262	-0.17647058823529413	-0.09259259259259259	
Soviet Union	0	Italy	1956	United States	1960	5	0	0	0	0	5	1	0	0	1	6	23.4	547.56	1.0	0.2	0.16666666666666666	0.0	0.0	
Soviet Union	0	United States	1960	Austria	1964	5	1	0	0	1	5	0	0	0	0	6	26.0	676.0	1.0	-0.2	-0.2	0.0	0.0	
Soviet Union	0	Austria	1964	France	1968	1	0	0	0	0	1	0	0	0	0	1	24.0	576.0	1.0	0.0	0.0	0.0	0.0	
Soviet Union	0	France	1968	Japan	1972	5	0	0	0	0	7	1	0	1	0	7	23.4	547.56	1.0	0.2	0.14285714285714285	0.0	0.0	
Soviet Union	0	Japan	1972	Austria	1976	3	0	0	0	0	3	1	0	1	0	4	20.0	400.0	1.0	0.3333333333333333	0.25	0.0	0.0	
Soviet Union	0	Austria	1976	United States	1980	2	1	0	1	0	3	0	0	0	0	3	22.5	506.25	1.0	-0.5	-0.3333333333333333	0.0	0.0	
Soviet Union	0	United States	1980	Yugoslavia	1984	2	0	0	0	0	2	1	0	0	1	2	20.0	400.0	0.5	0.5	0.5	0.0	0.0	
Soviet Union	0	Yugoslavia	1984	Canada	1988	4	1	0	0	1	4	0	0	0	0	4	20.5	420.25	0.5	-0.25	-0.25	0.0	0.0	
Soviet Union	1	Finland	1952	Australia	1956	3	5	3	2	0	15	7	4	2	1	15	25.666666666666668	658.7777777777778	1.0	0.6666666666666666	0.13333333333333336	0.3333333333333333	0.06666666666666665	-6.0
Soviet Union	1	Australia	1956	Italy	1960	14	18	9	2	7	48	23	8	8	7	48	24.214285714285715	586.3316326530613	0.7142857142857143	0.35714285714285715	0.10416666666666669	-0.07142857142857142	-0.020833333333333343	-5.0
Soviet Union	1	Italy	1960	Japan	1964	9	20	8	5	7	33	14	4	6	4	33	23.77777777777778	565.3827160493828	0.6666666666666666	-0.6666666666666666	-0.18181818181818182	-0.4444444444444444	-0.12121212121212122	-4.0
Soviet Union	1	Japan	1964	Mexico	1968	12	9	2	7	0	24	8	3	4	1	24	25.583333333333332	654.5069444444443	1.0	-0.08333333333333333	-0.041666666666666685	0.08333333333333333	0.04166666666666667	-3.0
Soviet Union	1	Mexico	1968	West Germany	1972	8	10	3	5	2	28	9	4	4	1	28	24.0	576.0	0.75	-0.125	-0.0357142857142857	0.125	0.03571428571428571	-2.0
Soviet Union	1	West Germany	1972	Canada	1976	12	14	9	2	3	30	17	8	5	4	30	21.666666666666668	469.4444444444445	0.75	0.25	0.09999999999999998	-0.08333333333333333	-0.033333333333333326	-1.0
Soviet Union	1	Canada	1976	Soviet Union	1980	14	19	13	3	3	40	18	6	8	4	40	21.785714285714285	474.6173469387755	0.8571428571428571	-0.07142857142857142	-0.024999999999999967	-0.5	-0.17500000000000002	0.0
Spain	0	Yugoslavia	1984	Canada	1988	1	0	0	0	0	2	0	0	0	0	2	19.0	361.0	1.0	0.0	0.0	0.0	0.0	
Spain	0	France	1992	Norway	1994	1	0	0	0	0	1	0	0	0	0	1	22.0	484.0	1.0	0.0	0.0	0.0	0.0	
Spain	0	Norway	1994	Japan	1998	1	0	0	0	0	1	0	0	0	0	1	22.0	484.0	0.0	0.0	0.0	0.0	0.0	
Spain	0	Japan	1998	United States	2002	1	0	0	0	0	1	0	0	0	0	1	21.0	441.0	1.0	0.0	0.0	0.0	0.0	
Spain	0	United States	2002	Italy	2006	1	0	0	0	0	1	0	0	0	0	1	25.0	625.0	1.0	0.0	0.0	0.0	0.0	
Spain	0	Italy	2006	Canada	2010	1	0	0	0	0	1	0	0	0	0	1	17.0	289.0	0.0	0.0	0.0	0.0	0.0	
Spain	0	Canada	2010	Russian Federation	2014	2	0	0	0	0	2	0	0	0	0	2	20.0	400.0	0.5	0.0	0.0	0.0	0.0	
Spain	0	Russian Federation	2014	Republic of Korea	2018	2	0	0	0	0	2	1	0	0	1	2	24.0	576.0	0.5	0.5	0.5	0.0	0.0	
Spain	1	Italy	1960	Japan	1964	1	0	0	0	0	1	0	0	0	0	1	24.0	576.0	1.0	0.0	0.0	0.0	0.0	-7.0
Spain	1	West Germany	1972	Canada	1976	3	1	0	0	1	3	0	0	0	0	3	22.333333333333332	498.7777777777777	1.0	-0.3333333333333333	-0.3333333333333333	0.0	0.0	-4.0
Spain	1	Canada	1976	Soviet Union	1980	3	0	0	0	0	21	0	0	0	0	21	20.333333333333332	413.4444444444444	1.0	0.0	0.0	0.0	0.0	-3.0
Spain	1	Soviet Union	1980	United States	1984	2	0	0	0	0	6	0	0	0	0	6	19.5	380.25	0.5	0.0	0.0	0.0	0.0	-2.0
Spain	1	United States	1984	Republic of Korea	1988	5	0	0	0	0	15	0	0	0	0	15	20.0	400.0	0.8	0.0	0.0	0.0	0.0	-1.0
Spain	1	Republic of Korea	1988	Spain	1992	12	0	0	0	0	28	0	0	0	0	28	22.0	484.0	0.6666666666666666	0.0	0.0	0.0	0.0	0.0
Spain	1	Spain	1992	United States	1996	6	1	1	0	0	6	3	0	1	2	6	22.5	506.25	0.5	0.3333333333333333	0.33333333333333337	-0.16666666666666666	-0.16666666666666666	1.0
Spain	1	United States	1996	Australia	2000	5	3	0	1	2	5	2	1	1	0	5	22.6	510.76000000000005	0.4	-0.2	-0.19999999999999996	0.2	0.2	2.0
Spain	1	Australia	2000	Greece	2004	11	2	2	0	0	29	1	1	0	0	27	23.09090909090909	533.1900826446281	0.5454545454545454	-0.09090909090909091	-0.031928480204342274	-0.09090909090909091	-0.031928480204342274	3.0
Spain	1	Greece	2004	People's Republic of China	2008	10	1	1	0	0	21	1	0	1	0	21	25.8	665.64	0.6	0.0	0.0	-0.1	-0.047619047619047616	4.0
Spain	1	People's Republic of China	2008	Great Britain	2012	5	0	0	0	0	14	1	0	0	1	12	24.8	615.0400000000001	0.6	0.2	0.08333333333333333	0.0	0.0	5.0
Spain	1	Great Britain	2012	Brazil	2016	3	1	1	0	0	3	1	0	0	1	3	25.666666666666668	658.7777777777778	0.6666666666666666	0.0	0.0	-0.3333333333333333	-0.3333333333333333	6.0
Sweden	0	France	1924	Switzerland	1928	2	1	1	0	0	3	1	1	0	0	2	30.5	930.25	1.0	0.0	0.16666666666666669	0.0	0.16666666666666669	
Sweden	0	Switzerland	1928	United States	1932	2	1	1	0	0	3	1	0	1	0	3	28.0	784.0	1.0	0.0	0.0	-0.5	-0.3333333333333333	
Sweden	0	United States	1932	Germany	1936	2	0	0	0	0	3	2	0	1	1	2	23.0	529.0	0.5	1.0	1.0	0.0	0.0	
Sweden	0	Switzerland	1948	Norway	1952	1	0	0	0	0	1	0	0	0	0	1	29.0	841.0	1.0	0.0	0.0	0.0	0.0	
Sweden	0	Norway	1952	Italy	1956	1	0	0	0	0	1	0	0	0	0	1	24.0	576.0	1.0	0.0	0.0	0.0	0.0	
Sweden	0	Italy	1956	United States	1960	1	1	0	1	0	1	0	0	0	0	2	25.0	625.0	1.0	-1.0	-1.0	0.0	0.0	
Sweden	0	United States	1960	Austria	1964	1	0	0	0	0	1	0	0	0	0	2	23.0	529.0	1.0	0.0	0.0	0.0	0.0	
Sweden	0	Austria	1964	France	1968	2	0	0	0	0	4	0	0	0	0	3	26.0	676.0	1.0	0.0	0.0	0.0	0.0	
Sweden	0	Canada	1988	France	1992	3	0	0	0	0	6	0	0	0	0	4	20.333333333333332	413.4444444444444	1.0	0.0	0.0	0.0	0.0	
Sweden	0	France	1992	Norway	1994	6	0	0	0	0	9	0	0	0	0	8	24.166666666666668	584.0277777777778	0.8333333333333334	0.0	0.0	0.0	0.0	
Sweden	0	Norway	1994	Japan	1998	1	0	0	0	0	1	0	0	0	0	1	24.0	576.0	0.0	0.0	0.0	0.0	0.0	
Sweden	0	Japan	1998	United States	2002	4	0	0	0	0	4	0	0	0	0	4	23.0	529.0	0.25	0.0	0.0	0.0	0.0	
Sweden	0	United States	2002	Italy	2006	3	0	0	0	0	3	0	0	0	0	3	23.0	529.0	0.6666666666666666	0.0	0.0	0.0	0.0	
Sweden	0	Italy	2006	Canada	2010	2	0	0	0	0	2	0	0	0	0	2	21.0	441.0	1.0	0.0	0.0	0.0	0.0	
Sweden	0	Canada	2010	Russian Federation	2014	1	0	0	0	0	1	0	0	0	0	1	25.0	625.0	1.0	0.0	0.0	0.0	0.0	
Sweden	0	Russian Federation	2014	Republic of Korea	2018	6	0	0	0	0	6	0	0	0	0	7	21.166666666666668	448.0277777777778	0.8333333333333334	0.0	0.0	0.0	0.0	
Sweden	1	Great Britain	1908	Sweden	1912	4	1	0	1	0	4	1	0	1	0	4	24.0	576.0	1.0	0.0	0.0	0.0	0.0	0.0
Sweden	1	Sweden	1912	Belgium	1920	10	4	2	1	1	10	4	1	1	2	12	21.7	470.89	0.8	0.0	-0.06666666666666671	-0.1	-0.11666666666666668	1.0
Sweden	1	Belgium	1920	France	1924	9	7	3	0	4	10	2	1	1	0	11	25.555555555555557	653.0864197530865	0.8888888888888888	-0.5555555555555556	-0.5181818181818181	-0.2222222222222222	-0.20909090909090908	2.0
Sweden	1	France	1924	Netherlands	1928	4	4	1	2	1	6	3	2	1	0	4	26.75	715.5625	1.0	-0.25	0.08333333333333337	0.25	0.33333333333333337	3.0
Sweden	1	Netherlands	1928	United States	1932	7	4	3	1	0	7	7	6	1	0	8	28.285714285714285	800.0816326530612	1.0	0.42857142857142855	0.3035714285714286	0.42857142857142855	0.32142857142857145	4.0
Sweden	1	United States	1932	Germany	1936	5	4	2	0	2	6	3	2	0	1	5	26.2	686.4399999999999	1.0	-0.2	-0.06666666666666665	0.0	0.06666666666666671	5.0
Sweden	1	Germany	1936	Great Britain	1948	1	1	0	0	1	1	1	0	1	0	1	21.0	441.0	1.0	0.0	0.0	0.0	0.0	6.0
Sweden	1	Great Britain	1948	Finland	1952	7	7	4	2	1	7	6	2	3	1	7	27.857142857142858	776.0204081632653	1.0	-0.14285714285714285	-0.1428571428571429	-0.2857142857142857	-0.2857142857142857	7.0
Sweden	1	Finland	1952	Australia	1956	15	7	3	2	2	39	5	0	2	3	41	25.466666666666665	648.551111111111	0.8	-0.13333333333333333	-0.05753595997498437	-0.2	-0.07692307692307693	8.0
Sweden	1	Australia	1956	Italy	1960	6	3	0	2	1	18	0	0	0	0	19	28.0	784.0	1.0	-0.5	-0.16666666666666666	0.0	0.0	9.0
Sweden	1	Italy	1960	Japan	1964	9	0	0	0	0	43	1	0	0	1	43	21.77777777777778	474.27160493827165	0.5555555555555556	0.1111111111111111	0.023255813953488372	0.0	0.0	10.0
Sweden	1	Japan	1964	Mexico	1968	6	2	0	1	1	14	0	0	0	0	14	23.5	552.25	0.6666666666666666	-0.3333333333333333	-0.14285714285714285	0.0	0.0	11.0
Sweden	1	Mexico	1968	West Germany	1972	4	0	0	0	0	9	2	0	1	1	9	23.25	540.5625	0.75	0.5	0.2222222222222222	0.0	0.0	12.0
Sweden	1	West Germany	1972	Canada	1976	3	2	0	1	1	4	0	0	0	0	4	21.666666666666668	469.4444444444445	1.0	-0.6666666666666666	-0.5	0.0	0.0	13.0
Sweden	1	Canada	1976	Soviet Union	1980	6	0	0	0	0	7	1	0	0	1	7	23.166666666666668	536.6944444444445	1.0	0.16666666666666666	0.14285714285714285	0.0	0.0	14.0
Sweden	1	Soviet Union	1980	United States	1984	9	1	0	0	1	14	2	0	0	2	15	22.11111111111111	488.9012345679012	0.8888888888888888	0.1111111111111111	0.06190476190476191	0.0	0.0	15.0
Sweden	1	United States	1984	Republic of Korea	1988	6	2	0	1	1	12	1	0	0	1	12	23.333333333333332	544.4444444444443	1.0	-0.16666666666666666	-0.08333333333333333	0.0	0.0	16.0
Sweden	1	Republic of Korea	1988	Spain	1992	6	1	0	0	1	12	1	0	1	0	12	23.833333333333332	568.0277777777777	1.0	0.0	0.0	0.0	0.0	17.0
Sweden	1	Spain	1992	United States	1996	6	2	0	1	1	6	1	0	0	1	6	25.166666666666668	633.3611111111112	0.8333333333333334	-0.16666666666666666	-0.16666666666666666	0.0	0.0	18.0
Sweden	1	United States	1996	Australia	2000	2	1	0	0	1	2	1	1	0	0	2	24.5	600.25	1.0	0.0	0.0	0.5	0.5	19.0
Sweden	1	Australia	2000	Greece	2004	3	0	0	0	0	3	1	0	1	0	3	24.333333333333332	592.1111111111111	1.0	0.3333333333333333	0.3333333333333333	0.0	0.0	20.0
Sweden	1	Greece	2004	People's Republic of China	2008	2	1	0	1	0	2	0	0	0	0	2	25.0	625.0	0.5	-0.5	-0.5	0.0	0.0	21.0
Sweden	1	People's Republic of China	2008	Great Britain	2012	2	0	0	0	0	2	0	0	0	0	2	20.0	400.0	0.0	0.0	0.0	0.0	0.0	22.0
Sweden	1	Great Britain	2012	Brazil	2016	7	1	0	0	1	7	2	0	0	2	7	24.571428571428573	603.7551020408164	0.2857142857142857	0.14285714285714285	0.14285714285714285	0.0	0.0	23.0
Switzerland	0	France	1924	Switzerland	1928	1	0	0	0	0	2	0	0	0	0	1	24.0	576.0	1.0	0.0	0.0	0.0	0.0	0.0
Switzerland	0	Switzerland	1948	Norway	1952	2	0	0	0	0	2	0	0	0	0	2	21.5	462.25	1.0	0.0	0.0	0.0	0.0	1.0
Switzerland	0	Norway	1952	Italy	1956	2	0	0	0	0	2	0	0	0	0	2	22.5	506.25	1.0	0.0	0.0	0.0	0.0	2.0
Switzerland	0	Italy	1956	United States	1960	1	0	0	0	0	1	0	0	0	0	1	29.0	841.0	1.0	0.0	0.0	0.0	0.0	3.0
Switzerland	0	United States	1960	Austria	1964	1	0	0	0	0	1	0	0	0	0	1	17.0	289.0	0.0	0.0	0.0	0.0	0.0	4.0
Switzerland	0	Austria	1964	France	1968	2	0	0	0	0	3	1	0	1	0	3	22.5	506.25	1.0	0.5	0.3333333333333333	0.0	0.0	5.0
Switzerland	0	France	1968	Japan	1972	2	0	0	0	0	3	0	0	0	0	3	20.5	420.25	0.5	0.0	0.0	0.0	0.0	6.0
Switzerland	0	Japan	1972	Austria	1976	3	1	0	1	0	6	0	0	0	0	6	22.333333333333332	498.7777777777777	1.0	-0.3333333333333333	-0.16666666666666666	0.0	0.0	7.0
Switzerland	0	Austria	1976	United States	1980	3	0	0	0	0	4	0	0	0	0	5	20.333333333333332	413.4444444444444	0.6666666666666666	0.0	0.0	0.0	0.0	8.0
Switzerland	0	United States	1980	Yugoslavia	1984	1	0	0	0	0	2	0	0	0	0	2	21.0	441.0	1.0	0.0	0.0	0.0	0.0	9.0
Switzerland	0	Yugoslavia	1984	Canada	1988	2	0	0	0	0	3	0	0	0	0	4	19.0	361.0	1.0	0.0	0.0	0.0	0.0	10.0
Switzerland	0	Canada	1988	France	1992	2	1	1	0	0	2	0	0	0	0	2	23.0	529.0	1.0	-0.5	-0.5	-0.5	-0.5	11.0
Switzerland	0	France	1992	Norway	1994	5	0	0	0	0	7	0	0	0	0	7	24.4	595.3599999999999	1.0	0.0	0.0	0.0	0.0	12.0
Switzerland	0	Norway	1994	Japan	1998	3	0	0	0	0	4	1	0	0	1	4	23.666666666666668	560.1111111111112	0.6666666666666666	0.3333333333333333	0.25	0.0	0.0	13.0
Switzerland	0	Japan	1998	United States	2002	7	1	1	0	0	10	2	2	0	0	10	21.714285714285715	471.5102040816327	0.7142857142857143	0.14285714285714285	0.1	0.14285714285714285	0.1	14.0
Switzerland	0	United States	2002	Italy	2006	12	2	2	0	0	16	2	1	1	0	18	22.5	506.25	0.75	0.0	-0.013888888888888895	-0.08333333333333333	-0.06944444444444445	15.0
Switzerland	0	Italy	2006	Canada	2010	11	2	1	1	0	15	2	2	0	0	15	24.545454545454547	602.4793388429753	0.7272727272727273	0.0	0.0	0.09090909090909091	0.06666666666666667	16.0
Switzerland	0	Canada	2010	Russian Federation	2014	8	2	2	0	0	10	1	1	0	0	10	24.25	588.0625	0.75	-0.125	-0.1	-0.125	-0.1	17.0
Switzerland	0	Russian Federation	2014	Republic of Korea	2018	12	0	0	0	0	16	0	0	0	0	18	23.583333333333332	556.1736111111111	0.6666666666666666	0.0	0.0	0.0	0.0	18.0
Switzerland	1	Belgium	1920	France	1924	1	1	0	1	0	1	1	0	0	1	1	24.0	576.0	1.0	0.0	0.0	0.0	0.0	
Switzerland	1	France	1924	Netherlands	1928	5	3	1	1	1	33	3	2	1	0	25	25.0	625.0	1.0	0.0	0.029090909090909084	0.2	0.0496969696969697	
Switzerland	1	Netherlands	1928	United States	1932	1	3	2	1	0	6	1	0	1	0	1	24.0	576.0	1.0	-2.0	0.5	-2.0	-0.3333333333333333	
Switzerland	1	United States	1932	Germany	1936	1	1	0	1	0	1	1	1	0	0	7	28.0	784.0	1.0	0.0	-0.8571428571428572	1.0	0.14285714285714285	
Switzerland	1	Germany	1936	Great Britain	1948	4	1	0	1	0	20	2	1	1	0	12	22.25	495.0625	1.0	0.25	0.11666666666666665	0.25	0.08333333333333333	
Switzerland	1	Great Britain	1948	Finland	1952	3	2	1	0	1	15	3	0	1	2	15	28.333333333333332	802.7777777777777	1.0	0.3333333333333333	0.06666666666666668	-0.3333333333333333	-0.06666666666666667	
Switzerland	1	Italy	1960	Japan	1964	1	0	0	0	0	7	0	0	0	0	7	29.0	841.0	1.0	0.0	0.0	0.0	0.0	
Switzerland	1	Japan	1964	Mexico	1968	2	0	0	0	0	9	0	0	0	0	9	22.5	506.25	1.0	0.0	0.0	0.0	0.0	
Switzerland	1	Mexico	1968	West Germany	1972	5	0	0	0	0	25	0	0	0	0	20	22.4	501.75999999999993	1.0	0.0	0.0	0.0	0.0	
Switzerland	1	West Germany	1972	Canada	1976	3	0	0	0	0	21	0	0	0	0	21	21.0	441.0	1.0	0.0	0.0	0.0	0.0	
Switzerland	1	Canada	1976	Soviet Union	1980	2	1	0	0	1	2	1	1	0	0	2	22.0	484.0	1.0	0.0	0.0	0.5	0.5	
Switzerland	1	United States	1984	Republic of Korea	1988	7	1	0	0	1	19	0	0	0	0	19	21.428571428571427	459.1836734693877	0.7142857142857143	-0.14285714285714285	-0.05263157894736842	0.0	0.0	
Switzerland	1	Republic of Korea	1988	Spain	1992	4	0	0	0	0	4	0	0	0	0	4	23.0	529.0	0.75	0.0	0.0	0.0	0.0	
Switzerland	1	Spain	1992	United States	1996	3	0	0	0	0	15	0	0	0	0	15	23.333333333333332	544.4444444444443	1.0	0.0	0.0	0.0	0.0	
Switzerland	1	United States	1996	Australia	2000	2	0	0	0	0	2	0	0	0	0	2	25.0	625.0	0.5	0.0	0.0	0.0	0.0	
Switzerland	1	Australia	2000	Greece	2004	2	0	0	0	0	2	0	0	0	0	2	26.5	702.25	1.0	0.0	0.0	0.0	0.0	
Switzerland	1	Greece	2004	People's Republic of China	2008	2	0	0	0	0	5	1	0	0	1	4	26.5	702.25	1.0	0.5	0.25	0.0	0.0	
Switzerland	1	People's Republic of China	2008	Great Britain	2012	1	0	0	0	0	6	0	0	0	0	6	22.0	484.0	1.0	0.0	0.0	0.0	0.0	
Switzerland	1	Great Britain	2012	Brazil	2016	2	0	0	0	0	6	1	0	0	1	6	22.5	506.25	0.5	0.5	0.16666666666666666	0.0	0.0	
United States	0	France	1924	Switzerland	1928	4	2	0	1	1	5	1	0	0	1	5	32.25	1040.0625	0.5	-0.25	-0.2	0.0	0.0	-1.0
United States	0	Switzerland	1928	United States	1932	3	0	0	0	0	4	1	0	0	1	4	24.333333333333332	592.1111111111111	0.6666666666666666	0.3333333333333333	0.25	0.0	0.0	0.0
United States	0	United States	1932	Germany	1936	10	1	0	0	1	11	0	0	0	0	10	23.1	533.61	0.7	-0.1	-0.09090909090909091	0.0	0.0	1.0
United States	0	Germany	1936	Switzerland	1948	2	0	0	0	0	2	0	0	0	0	2	24.5	600.25	1.0	0.0	0.0	0.0	0.0	2.0
United States	0	Switzerland	1948	Norway	1952	2	1	1	0	0	2	2	1	0	1	2	18.0	324.0	1.0	0.5	0.5	0.0	0.0	-2.0
United States	0	Norway	1952	Italy	1956	5	1	0	1	0	5	2	2	0	0	5	21.8	475.24	0.8	0.2	0.2	0.4	0.4	-1.0
United States	0	Italy	1956	United States	1960	3	2	0	1	1	3	2	2	0	0	3	20.333333333333332	413.4444444444444	0.6666666666666666	0.0	0.0	0.6666666666666666	0.6666666666666666	0.0
United States	0	United States	1960	Austria	1964	2	0	0	0	0	2	0	0	0	0	4	25.5	650.25	1.0	0.0	0.0	0.0	0.0	1.0
United States	0	Austria	1964	France	1968	4	0	0	0	0	5	1	1	0	0	5	19.75	390.0625	0.5	0.25	0.2	0.25	0.2	2.0
United States	0	France	1968	Japan	1972	3	0	0	0	0	3	1	0	0	1	3	18.333333333333332	336.1111111111111	0.6666666666666666	0.3333333333333333	0.3333333333333333	0.0	0.0	-2.0
United States	0	Japan	1972	Austria	1976	2	0	0	0	0	3	0	0	0	0	3	23.5	552.25	1.0	0.0	0.0	0.0	0.0	-1.0
United States	0	Austria	1976	United States	1980	6	0	0	0	0	7	1	0	1	0	8	21.5	462.25	0.8333333333333334	0.16666666666666666	0.125	0.0	0.0	0.0
United States	0	United States	1980	Yugoslavia	1984	3	0	0	0	0	3	1	1	0	0	3	21.666666666666668	469.4444444444445	1.0	0.3333333333333333	0.3333333333333333	0.3333333333333333	0.3333333333333333	1.0
United States	0	Yugoslavia	1984	Canada	1988	3	0	0	0	0	5	1	1	0	0	4	22.0	484.0	1.0	0.3333333333333333	0.25	0.3333333333333333	0.25	2.0
United States	0	Canada	1988	France	1992	5	0	0	0	0	5	1	0	1	0	6	22.4	501.75999999999993	1.0	0.2	0.16666666666666666	0.0	0.0	3.0
United States	0	France	1992	Norway	1994	11	2	1	0	1	14	2	0	2	0	14	23.181818181818183	537.3966942148761	0.5454545454545454	0.0	0.0	-0.09090909090909091	-0.07142857142857142	-2.0
United States	0	Norway	1994	Japan	1998	10	1	0	1	0	11	2	2	0	0	11	24.2	585.64	0.5	0.1	0.09090909090909091	0.2	0.18181818181818182	-1.0
United States	0	Japan	1998	United States	2002	14	5	2	1	2	16	2	1	0	1	18	23.214285714285715	538.9030612244899	0.7142857142857143	-0.21428571428571427	-0.2013888888888889	-0.07142857142857142	-0.06944444444444445	0.0
United States	0	United States	2002	Italy	2006	16	5	1	4	0	21	2	0	2	0	22	22.1875	492.28515625	0.75	-0.1875	-0.14718614718614717	-0.0625	-0.047619047619047616	1.0
United States	0	Italy	2006	Canada	2010	18	3	2	1	0	21	10	4	4	2	21	23.61111111111111	557.4845679012345	0.5	0.3888888888888889	0.3333333333333333	0.1111111111111111	0.09523809523809523	2.0
United States	0	Canada	2010	Russian Federation	2014	16	5	3	1	1	21	2	0	0	2	22	24.0625	579.00390625	0.625	-0.1875	-0.14718614718614717	-0.1875	-0.14285714285714285	3.0
United States	0	Russian Federation	2014	Republic of Korea	2018	21	7	3	2	2	23	7	3	2	2	26	22.38095238095238	500.907029478458	0.5238095238095238	0.0	-0.03511705685618732	0.0	-0.015050167224080258	4.0
United States	1	United States	1904	Great Britain	1908	1	1	1	0	0	1	1	1	0	0	1	23.0	529.0	1.0	0.0	0.0	0.0	0.0	1.0
United States	1	Belgium	1920	France	1924	4	1	1	0	0	4	1	1	0	0	18	24.0	576.0	0.75	0.0	-0.19444444444444445	0.0	-0.19444444444444445	-2.0
United States	1	France	1924	Netherlands	1928	3	1	1	0	0	24	0	0	0	0	18	24.666666666666668	608.4444444444445	1.0	-0.3333333333333333	-0.041666666666666664	-0.3333333333333333	-0.041666666666666664	-1.0
United States	1	Netherlands	1928	United States	1932	2	0	0	0	0	12	2	0	1	1	10	24.0	576.0	1.0	1.0	0.2	0.0	0.0	0.0
United States	1	United States	1932	Germany	1936	5	2	0	1	1	16	0	0	0	0	29	28.6	817.96	1.0	-0.4	-0.125	0.0	0.0	1.0
United States	1	Germany	1936	Great Britain	1948	1	0	0	0	0	7	0	0	0	0	7	24.0	576.0	1.0	0.0	0.0	0.0	0.0	2.0
United States	1	Great Britain	1948	Finland	1952	6	1	1	0	0	24	2	1	1	0	25	25.166666666666668	633.3611111111112	1.0	0.16666666666666666	0.03833333333333334	0.0	-0.0016666666666666635	3.0
United States	1	Finland	1952	Australia	1956	5	1	0	1	0	17	1	0	1	0	18	22.0	484.0	1.0	0.0	-0.0032679738562091526	0.0	0.0	4.0
United States	1	Australia	1956	Italy	1960	8	0	0	0	0	28	0	0	0	0	28	22.125	489.515625	0.75	0.0	0.0	0.0	0.0	5.0
United States	1	Italy	1960	Japan	1964	6	0	0	0	0	16	1	0	0	1	16	23.5	552.25	0.8333333333333334	0.16666666666666666	0.0625	0.0	0.0	-5.0
United States	1	Japan	1964	Mexico	1968	4	0	0	0	0	8	0	0	0	0	8	21.0	441.0	0.75	0.0	0.0	0.0	0.0	-4.0
United States	1	Mexico	1968	West Germany	1972	9	1	0	1	0	23	2	1	1	0	23	21.77777777777778	474.27160493827165	0.7777777777777778	0.1111111111111111	0.043478260869565216	0.1111111111111111	0.043478260869565216	-3.0
United States	1	West Germany	1972	Canada	1976	8	2	1	1	0	18	3	1	1	1	18	21.625	467.640625	0.875	0.125	0.05555555555555555	0.0	0.0	-2.0
United States	1	United States	1984	Republic of Korea	1988	10	5	3	2	0	16	3	0	2	1	16	22.3	497.29	0.7	-0.2	-0.125	-0.3	-0.1875	1.0
United States	1	Republic of Korea	1988	Spain	1992	13	5	2	1	2	19	5	2	3	0	19	25.153846153846153	632.7159763313609	0.8461538461538461	0.0	0.0	0.0	0.0	-1.0
United States	1	Spain	1992	United States	1996	18	8	1	4	3	42	9	2	4	3	42	23.833333333333332	568.0277777777777	0.7222222222222222	0.05555555555555555	0.023809523809523808	0.05555555555555555	0.023809523809523808	0.0
United States	1	United States	1996	Australia	2000	12	3	0	1	2	30	0	0	0	0	29	25.083333333333332	629.1736111111111	0.5	-0.25	-0.1	0.0	0.0	1.0
United States	1	Australia	2000	Greece	2004	15	3	2	0	1	32	5	2	1	2	30	24.933333333333334	621.6711111111111	0.8	0.13333333333333333	0.07291666666666666	0.0	0.004166666666666666	2.0
United States	1	Greece	2004	People's Republic of China	2008	6	1	1	0	0	6	2	0	0	2	6	23.0	529.0	0.8333333333333334	0.16666666666666666	0.16666666666666666	-0.16666666666666666	-0.16666666666666666	3.0
United States	1	People's Republic of China	2008	Great Britain	2012	9	3	0	1	2	14	1	0	0	1	12	25.0	625.0	0.6666666666666666	-0.2222222222222222	-0.13095238095238093	0.0	0.0	4.0
United States	1	Great Britain	2012	Brazil	2016	16	10	5	0	5	33	7	2	5	0	33	22.875	523.265625	0.5625	-0.1875	-0.09090909090909091	-0.1875	-0.09090909090909091	5.0
West Germany	0	France	1968	Japan	1972	3	1	1	0	0	5	0	0	0	0	4	25.0	625.0	1.0	-0.3333333333333333	-0.2	-0.3333333333333333	-0.2	
West Germany	0	Japan	1972	Austria	1976	4	0	0	0	0	6	1	0	1	0	6	19.75	390.0625	0.75	0.25	0.16666666666666666	0.0	0.0	
West Germany	0	Austria	1976	United States	1980	3	1	0	1	0	3	1	0	0	1	3	20.0	400.0	0.6666666666666666	0.0	0.0	0.0	0.0	
West Germany	0	United States	1980	Yugoslavia	1984	3	0	0	0	0	6	0	0	0	0	3	20.666666666666668	427.11111111111114	1.0	0.0	0.0	0.0	0.0	
West Germany	0	Yugoslavia	1984	Canada	1988	8	0	0	0	0	10	0	0	0	0	10	22.125	489.515625	0.875	0.0	0.0	0.0	0.0	
West Germany	1	Mexico	1968	West Germany	1972	8	2	0	0	2	20	1	1	0	0	19	27.25	742.5625	0.875	-0.125	-0.04736842105263159	0.125	0.05263157894736842	0.0
West Germany	1	West Germany	1972	Canada	1976	10	3	0	1	2	30	2	0	0	2	30	21.9	479.60999999999996	0.8	-0.1	-0.03333333333333334	0.0	0.0	1.0
West Germany	1	United States	1984	Republic of Korea	1988	15	2	1	1	0	27	3	0	2	1	27	22.066666666666666	486.93777777777774	0.9333333333333333	0.06666666666666667	0.037037037037037035	-0.06666666666666667	-0.037037037037037035	4.0
Yugoslavia	0	Germany	1936	Switzerland	1948	1	0	0	0	0	1	0	0	0	0	1	19.0	361.0	1.0	0.0	0.0	0.0	0.0	-9.0
Yugoslavia	0	Switzerland	1948	Norway	1952	2	0	0	0	0	2	0	0	0	0	2	27.5	756.25	1.0	0.0	0.0	0.0	0.0	-8.0
Yugoslavia	0	Norway	1952	Italy	1956	1	0	0	0	0	1	0	0	0	0	1	28.0	784.0	1.0	0.0	0.0	0.0	0.0	-7.0
Yugoslavia	0	Austria	1964	France	1968	2	0	0	0	0	4	0	0	0	0	4	22.0	484.0	1.0	0.0	0.0	0.0	0.0	-4.0
Yugoslavia	0	France	1968	Japan	1972	2	0	0	0	0	2	0	0	0	0	4	21.0	441.0	1.0	0.0	0.0	0.0	0.0	-3.0
Yugoslavia	0	Austria	1976	United States	1980	1	0	0	0	0	2	0	0	0	0	2	23.0	529.0	1.0	0.0	0.0	0.0	0.0	-1.0
Yugoslavia	0	United States	1980	Yugoslavia	1984	2	0	0	0	0	3	0	0	0	0	3	17.5	306.25	0.5	0.0	0.0	0.0	0.0	0.0
Yugoslavia	0	Yugoslavia	1984	Canada	1988	2	0	0	0	0	4	0	0	0	0	4	22.5	506.25	1.0	0.0	0.0	0.0	0.0	1.0
Yugoslavia	1	France	1924	Netherlands	1928	4	2	2	0	0	32	4	1	1	2	24	27.25	742.5625	1.0	0.5	0.10416666666666666	-0.25	-0.020833333333333336	
Yugoslavia	1	Germany	1936	Great Britain	1948	1	0	0	0	0	7	0	0	0	0	7	27.0	729.0	1.0	0.0	0.0	0.0	0.0	
Yugoslavia	1	Great Britain	1948	Finland	1952	2	0	0	0	0	14	0	0	0	0	14	32.5	1056.25	1.0	0.0	0.0	0.0	0.0	
Yugoslavia	1	Finland	1952	Australia	1956	1	0	0	0	0	1	0	0	0	0	1	23.0	529.0	1.0	0.0	0.0	0.0	0.0	
Yugoslavia	1	Australia	1956	Italy	1960	1	0	0	0	0	1	0	0	0	0	1	27.0	729.0	1.0	0.0	0.0	0.0	0.0	
Yugoslavia	1	Italy	1960	Japan	1964	5	1	0	1	0	23	3	1	0	2	23	24.8	615.0400000000001	1.0	0.4	0.08695652173913043	0.2	0.043478260869565216	
Yugoslavia	1	Japan	1964	Mexico	1968	5	3	2	0	1	23	3	1	1	1	23	26.4	696.9599999999999	1.0	0.0	0.0	-0.2	-0.043478260869565216	
Yugoslavia	1	Mexico	1968	West Germany	1972	10	1	0	0	1	32	3	1	0	2	32	23.3	542.89	0.9	0.2	0.0625	0.1	0.03125	
Yugoslavia	1	West Germany	1972	Canada	1976	2	0	0	0	0	2	1	0	0	1	2	21.0	441.0	1.0	0.5	0.5	0.0	0.0	
Yugoslavia	1	Canada	1976	Soviet Union	1980	8	3	0	1	2	9	2	0	0	2	8	22.0	484.0	1.0	-0.125	-0.08333333333333331	0.0	0.0	
Yugoslavia	1	Soviet Union	1980	United States	1984	8	2	0	0	2	8	3	0	1	2	8	23.625	558.140625	1.0	0.125	0.125	0.0	0.0	
Yugoslavia	1	United States	1984	Republic of Korea	1988	9	4	1	0	3	9	2	0	1	1	9	23.11111111111111	534.1234567901234	0.8888888888888888	-0.2222222222222222	-0.2222222222222222	-0.1111111111111111	-0.1111111111111111	
